5,4.017212,156.6875,86.21407,114.4656,95.96595,74.76854,-89.64306,108.3761,40.3582,-50.00502,148.3534,-38.99665,-4.765187,149.3182,-53.32476,23.27909,138.8709,-45.54639,61.91272,114.2495,-13.86822,-86.26411,108.9701,35.36184,-49.44232,150.212,-39.03289,-4.111653,150.9849,-53.13029,23.94623,140.3446,-45.42112,63.10468,115.4896,-13.70418,-0.7502191,-0.07687804,-0.6567047,-0.2736949,0.1801469,-0.9447953,0.06417327,0.1833518,-0.9809505,0.1686231,0.09864996,-0.9807316,0.5649327,-0.1613671,-0.8092043,47.2674,53.33599,60.77208,58.43398,45.81116,18.36592,17.54312,17.22968,16.39513,14.56344,TRUE,TRUE,TRUE,TRUE,TRUE,
5,4.026308,150.2993,63.69557,92.01086,86.02608,60.69125,-90.39281,108.2762,41.25277,-50.0217,148.4346,-39.16977,-4.758841,149.6459,-53.36665,23.51599,139.3793,-45.52638,62.06102,114.3871,-13.71805,-86.82861,108.896,36.10131,-49.4268,150.4326,-39.19162,-4.108915,151.6035,-53.18193,24.23532,141.1465,-45.46538,63.25969,115.7272,-13.57127,-0.7580431,-0.08045011,-0.6472237,-0.2709756,0.183701,-0.9448948,0.06661224,0.1896344,-0.9795926,0.1749213,0.1072508,-0.9787235,0.5705901,-0.1576599,-0.8059593,47.2674,53.33599,60.77208,58.43398,45.81116,18.36592,17.54312,17.22968,16.39513,14.56344,TRUE,TRUE,TRUE,TRUE,TRUE,
5,4.044415,122.4294,27.85888,43.50113,67.04894,43.95649,-91.50532,107.9231,42.51363,-50.23225,148.1834,-39.56142,-4.873585,149.6124,-53.62238,23.99115,140.124,-45.54264,62.40189,114.6771,-13.4931,-87.87296,108.7326,37.4644,-49.6741,150.2352,-39.52837,-4.280949,151.7847,-53.39388,24.76981,142.1115,-45.43866,63.5285,116.0897,-13.32137,-0.7688491,-0.08748858,-0.6334167,-0.269467,0.1858281,-0.9449103,0.06919762,0.1932045,-0.9787154,0.1870098,0.1219443,-0.9747599,0.5819454,-0.1481501,-0.7996194,47.2674,53.33599,60.77208,58.43398,45.81116,18.36592,17.54312,17.22968,16.39513,14.56344,TRUE,TRUE,TRUE,TRUE,TRUE,
5,4.062484,89.63565,26.70532,18.4629,35.86218,31.20511,-92.40658,107.3418,43.06161,-50.63201,147.8696,-40.10569,-5.034485,149.1816,-54.08876,24.31992,140.1024,-45.77326,62.69875,114.8816,-13.34519,-88.86817,108.5293,38.70502,-50.12246,149.9436,-39.91351,-4.491295,151.3561,-53.78938,25.15526,142.1458,-45.59942,63.77573,116.3557,-13.14812,-0.7755705,-0.09472106,-0.6241141,-0.2707641,0.1899593,-0.9437172,0.07199577,0.1933892,-0.978477,0.1977563,0.1267815,-0.9720179,0.5939266,-0.1377702,-0.7926352,47.2674,53.33599,60.77208,58.43398,45.81116,18.36592,17.54312,17.22968,16.39513,14.56344,TRUE,TRUE,TRUE,TRUE,TRUE,
5,4.080616,65.37676,37.23633,22.71497,22.60462,14.80009,-93.17799,107.0691,43.34842,-51.21504,147.9198,-40.51182,-5.196167,148.8494,-54.52065,24.67238,139.8637,-45.97435,62.77013,114.6858,-13.20439,-89.96874,108.2379,39.96694,-50.83152,149.8651,-40.21112,-4.704614,151.0783,-54.10046,25.5238,141.8328,-45.77478,63.81196,116.2517,-13.03685,-0.7798855,-0.101201,-0.6176868,-0.2762091,0.1965874,-0.9407773,0.07412416,0.1935154,-0.9782931,0.2086428,0.1277309,-0.9696149,0.6016978,-0.1365396,-0.7869668,47.2674,53.33599,60.77208,58.43398,45.81116,18.36592,17.54312,17.22968,16.39513,14.56344,TRUE,TRUE,TRUE,TRUE,TRUE,
5,4.098622,55.68145,47.94958,39.44262,34.6166,16.25554,-93.95994,106.6734,43.6572,-51.82551,147.3794,-41.0348,-5.385996,148.0439,-55.06952,24.84373,138.8793,-46.34805,62.78953,114.0925,-13.19087,-91.2789,107.865,41.32692,-51.57243,149.4716,-40.58628,-4.92274,150.5233,-54.49607,25.7084,140.8879,-46.08456,63.78991,115.8727,-12.98008,-0.7858075,-0.1055045,-0.6094056,-0.2820367,0.1961784,-0.9391322,0.07533764,0.1902741,-0.9788361,0.2158089,0.1207629,-0.968939,0.6079163,-0.137515,-0.7820022,47.2674,53.33599,60.77208,58.43398,45.81116,18.36592,17.54312,17.22968,16.39513,14.56344,TRUE,TRUE,TRUE,TRUE,TRUE,
5,4.116662,42.24145,71.29525,64.63974,69.79591,48.04084,-94.48186,106.1243,43.5074,-52.44967,146.1263,-41.94402,-5.611946,146.7797,-56.02283,25.01613,137.215,-47.16382,62.69468,112.7081,-13.65081,-92.83089,107.2489,42.71033,-52.29993,148.4817,-41.21562,-5.188787,149.5849,-55.15307,25.86154,139.3639,-46.75093,63.69025,114.8156,-13.24732,-0.7899383,-0.1111182,-0.6030341,-0.2896591,0.1882397,-0.9384367,0.07437827,0.1853534,-0.979853,0.2215456,0.1092151,-0.9690148,0.6102729,-0.1467825,-0.7784741,47.2674,53.33599,60.77208,58.43398,45.81116,18.36592,17.54312,17.22968,16.39513,14.56344,TRUE,TRUE,TRUE,TRUE,TRUE,
5,4.125758,37.17015,83.87124,82.35201,89.31709,66.86276,-94.67242,105.9157,43.33207,-52.72372,145.3166,-42.51128,-5.716424,145.8285,-56.62183,25.11028,136.0988,-47.6501,62.57863,111.7116,-13.90162,-93.6216,106.8748,43.2879,-52.63361,147.8562,-41.617,-5.331789,148.948,-55.57798,25.94602,138.3955,-47.16638,63.59312,114.0097,-13.46758,-0.7906514,-0.1164929,-0.6010822,-0.2928748,0.1819777,-0.9386738,0.07372026,0.1787618,-0.9811267,0.2241518,0.09963726,-0.9694474,0.6104608,-0.1560453,-0.7765227,47.2674,53.33599,60.77208,58.43398,45.81116,18.36592,17.54312,17.22968,16.39513,14.56344,TRUE,TRUE,TRUE,TRUE,TRUE,
5,4.125758,37.17015,83.87124,82.35201,89.31709,66.86276,-94.67242,105.9157,43.33207,-52.72372,145.3166,-42.51128,-5.716424,145.8285,-56.62183,25.11028,136.0988,-47.6501,62.57863,111.7116,-13.90162,-93.6216,106.8748,43.2879,-52.63361,147.8562,-41.617,-5.331789,148.948,-55.57798,25.94602,138.3955,-47.16638,63.59312,114.0097,-13.46758,-0.7906514,-0.1164929,-0.6010822,-0.2928748,0.1819777,-0.9386738,0.07372026,0.1787618,-0.9811267,0.2241518,0.09963726,-0.9694474,0.6104608,-0.1560453,-0.7765227,47.2674,53.33599,60.77208,58.43398,45.81116,18.36592,17.54312,17.22968,16.39513,14.56344,TRUE,TRUE,TRUE,TRUE,TRUE,
5,4.156366,33.54273,116.482,132.7421,122.2419,91.92724,-94.55831,104.8576,43.04335,-53.11601,141.7016,-44.30717,-6.004695,141.565,-58.6773,25.17854,132.3179,-49.41615,62.49432,108.8075,-15.07482,-95.04385,105.1705,44.14972,-53.36199,144.3347,-43.46305,-5.795155,144.7869,-57.77771,26.06238,134.3502,-49.03204,63.37851,110.7397,-14.72624,-0.7937855,-0.1376827,-0.5924087,-0.2998128,0.1519596,-0.9418177,0.06878594,0.144644,-0.98709,0.2238035,0.06801384,-0.9722583,0.606595,-0.1835152,-0.7735404,47.2674,53.33599,60.77208,58.43398,45.81116,18.36592,17.54312,17.22968,16.39513,14.56344,TRUE,TRUE,TRUE,TRUE,TRUE,
5,4.178663,216.1685,206.3314,226.8954,178.0778,109.7503,-92.27481,100.1398,40.75583,-53.16826,136.6207,-47.11589,-6.042006,136.3344,-61.40258,25.39758,128.248,-51.61778,62.60492,107.0106,-16.45313,-93.51041,101.6254,42.41975,-53.5494,141.3149,-45.12811,-5.952232,141.2722,-59.57957,26.17613,131.6287,-50.48921,63.23373,109.2561,-15.68238,-0.7610648,-0.2219593,-0.6095199,-0.3001554,0.1046408,-0.9481335,0.06694739,0.09108097,-0.9935906,0.2259427,0.02711854,-0.973763,0.5988495,-0.2152555,-0.7713912,47.2674,53.33599,60.77208,58.43398,45.81116,18.36592,17.54312,17.22968,16.39513,14.56344,TRUE,TRUE,TRUE,TRUE,TRUE,
5,4.19162,348.6646,262.0431,335.6026,234.1254,154.914,-87.51982,95.72616,38.08652,-53.07645,132.5262,-49.15829,-5.988288,130.7785,-63.4631,25.5459,124.442,-53.29644,61.77661,105.3844,-17.98126,-89.70505,97.34468,39.69582,-53.55291,138.1508,-46.81044,-6.000196,136.2891,-61.56465,26.25226,128.5716,-51.97281,62.56435,107.9883,-16.86154,-0.708592,-0.3105274,-0.6336167,-0.3009712,0.05539698,-0.9520229,0.06392822,0.0134323,-0.9978641,0.2240207,-0.02205932,-0.9743347,0.5683687,-0.2585404,-0.7810978,47.2674,53.33599,60.77208,58.43398,45.81116,18.36592,17.54312,17.22968,16.39513,14.56344,TRUE,TRUE,TRUE,TRUE,TRUE,
5,4.21748,518.5466,302.075,464.3804,378.7238,230.2021,-74.82031,85.50387,32.53135,-52.60241,124.248,-51.5323,-5.332006,117.7398,-64.92213,24.59974,114.1323,-54.38454,57.78401,101.8342,-20.48658,-78.24649,87.2821,33.61257,-53.18776,129.6852,-50.14668,-5.459369,120.2449,-64.51994,24.94305,117.165,-54.18224,59.4851,105.1187,-19.59189,-0.5644397,-0.4820426,-0.6701065,-0.2938098,-0.04235123,-0.9549252,0.0695234,-0.1583932,-0.9849254,0.1944908,-0.1792541,-0.9643865,0.4776042,-0.3312234,-0.8137476,47.2674,53.33599,60.77208,58.43398,45.81116,18.36592,17.54312,17.22968,16.39513,14.56344,TRUE,TRUE,TRUE,TRUE,TRUE,
5,4.230115,548.498,715.0643,828.127,1003.397,370.0628,-68.60902,83.98943,27.36401,-41.06209,113.0793,-23.31879,-10.0346,92.14371,-28.92427,5.268435,79.56085,-6.862235,39.36142,91.73524,-6.262705,-72.2807,84.52963,29.32968,-47.85708,117.2425,-42.11122,-4.942719,107.2502,-54.82446,16.88247,97.69146,-41.68574,54.96267,101.872,-17.8716,-0.5140511,-0.4137188,-0.7513908,-0.2145316,-0.540363,-0.813624,0.03282036,-0.5572561,-0.8296918,0.0171956,-0.6451854,-0.7638325,0.3327397,-0.5279222,-0.7813978,47.2674,53.33599,60.77208,58.43398,45.81116,18.36592,17.54312,17.22968,16.39513,14.56344,TRUE,TRUE,TRUE,TRUE,TRUE,
5,4.242049,479.5721,830.0915,918.9716,1129.02,625.6693,-66.293,83.16451,24.09762,-37.01102,104.7722,-15.83174,-10.50262,84.86658,-24.55507,3.338925,72.21834,-5.460217,30.48514,83.86055,-1.949893,-68.73545,83.0454,25.92448,-43.29991,109.4857,-33.59056,-6.162755,97.88897,-45.8076,11.35997,86.09693,-30.76442,45.07824,93.92841,-13.76297,-0.4957733,-0.3889199,-0.7764987,-0.1219816,-0.7900738,-0.6007528,-0.009428403,-0.7441677,-0.6679263,-0.06880482,-0.8250003,-0.5609281,0.154498,-0.7005098,-0.6967183,47.2674,53.33599,60.77208,58.43398,45.81116,18.36592,17.54312,17.22968,16.39513,14.56344,TRUE,TRUE,TRUE,TRUE,TRUE,
2,4.26253,453.8553,731.3528,943.5193,814.5218,690.8757,-57.72819,83.58266,21.97094,-33.46167,106.326,-7.998786,-12.56031,79.55613,-12.16495,4.397793,76.01112,-6.225655,25.21542,82.73076,5.226801,-60.67023,82.12489,22.08689,-38.29314,106.23,-22.04665,-8.432376,90.09605,-32.86785,7.673513,80.59516,-18.89435,33.33171,86.8019,-4.190381,-0.3998369,-0.3685142,-0.8392423,-0.04516701,-0.9381674,-0.3432228,-0.09267514,-0.8996773,-0.4266052,-0.1404032,-0.8973621,-0.4183637,-0.07667693,-0.8331413,-0.5477192,47.2674,53.33599,60.77208,58.43398,45.81116,18.36592,17.54312,17.22968,16.39513,14.56344,TRUE,FALSE,FALSE,FALSE,TRUE,
1,4.280724,418.7869,613.7546,708.7898,583.9825,632.1138,-50.55193,85.14948,20.79279,-31.51569,107.6147,-2.158329,-13.9704,78.08221,-10.1842,3.367535,78.45751,-3.189584,21.98252,82.74152,11.128,-52.87983,83.73009,20.53099,-35.82943,106.3648,-15.20246,-10.60752,85.25764,-24.17066,5.768439,79.99749,-12.18238,27.10786,84.32452,3.979906,-0.3162512,-0.3598711,-0.8777687,-0.03624827,-0.9863529,-0.1606054,-0.1494368,-0.926402,-0.3456123,-0.2075216,-0.9184853,-0.3366295,-0.2361569,-0.8787022,-0.4148642,47.2674,53.33599,60.77208,58.43398,45.81116,18.36592,17.54312,17.22968,16.39513,14.56344,TRUE,FALSE,FALSE,FALSE,FALSE,
1,4.298655,399.0367,396.0627,390.3213,344.1461,431.0498,-44.94141,87.49638,17.58018,-31.59302,110.6038,-0.4442281,-15.89606,81.90128,-11.3875,1.366534,81.62251,-4.029709,19.19724,84.94754,11.63373,-46.21367,85.89806,17.82535,-34.76443,106.92,-11.55495,-12.31325,84.0619,-20.21991,4.288023,80.73919,-9.69284,22.68053,84.46445,8.170578,-0.2321684,-0.3427487,-0.9102863,-0.04503039,-0.9957898,-0.07984284,-0.1906058,-0.9263796,-0.3247926,-0.2487749,-0.9113079,-0.3280686,-0.3281208,-0.8741389,-0.3580754,47.2674,53.33599,60.77208,58.43398,45.81116,18.36592,17.54312,17.22968,16.39513,14.56344,TRUE,FALSE,FALSE,FALSE,FALSE,
0,4.316716,369.1591,285.8617,314.8178,240.7673,304.1965,-41.12534,91.49785,15.16336,-31.25334,114.654,0.7798414,-18.23464,84.96018,-9.707229,-0.4534212,84.92258,-3.857892,16.97104,87.1273,12.36158,-40.98923,89.07527,15.30851,-34.20643,107.6765,-9.501657,-13.72379,83.97781,-17.77084,3.002505,81.74595,-8.156997,19.69067,85.59847,10.42006,-0.149729,-0.3202311,-0.9354321,-0.08739032,-0.9951706,-0.04470327,-0.2504627,-0.9258411,-0.282996,-0.3012554,-0.8946661,-0.3298753,-0.3993353,-0.8473915,-0.3499414,47.2674,53.33599,60.77208,58.43398,45.81116,18.36592,17.54312,17.22968,16.39513,14.56344,FALSE,FALSE,FALSE,FALSE,FALSE,
0,4.334803,287.019,234.2466,356.7857,267.3775,249.0249,-39.29752,95.03568,14.49604,-31.41686,117.9513,2.181856,-21.97716,86.02147,-4.637564,-3.695968,85.89388,-0.9001663,14.18882,87.91988,13.78323,-37.85418,92.99401,14.159,-33.77098,108.8909,-7.679264,-15.23467,84.16936,-15.297,1.392392,82.67249,-6.288712,16.85267,86.81065,12.29761,-0.09490752,-0.3144864,-0.9445056,-0.1504898,-0.9884827,-0.01596181,-0.3264175,-0.9241952,-0.1982795,-0.373498,-0.8830241,-0.2841966,-0.4672056,-0.8141105,-0.3448812,47.2674,53.33599,60.77208,58.43398,45.81116,18.36592,17.54312,17.22968,16.39513,14.56344,FALSE,FALSE,FALSE,FALSE,FALSE,
0,4.343876,244.058,205.968,340.4898,258.822,224.8573,-38.83893,96.34477,14.29358,-31.47709,119.1745,2.586726,-23.4179,86.57748,-2.854415,-5.088731,86.09817,0.3428396,13.0148,88.19185,14.35509,-37.09046,94.60995,13.91627,-33.57293,109.6945,-6.689381,-15.99651,84.30779,-14.11333,0.4655327,83.05344,-5.28332,15.4344,87.31654,13.11943,-0.08067099,-0.3122643,-0.9465639,-0.1763227,-0.9842868,-0.009469856,-0.3559489,-0.919643,-0.1660033,-0.4024108,-0.8761313,-0.265442,-0.4970178,-0.7995102,-0.3372785,47.2674,53.33599,60.77208,58.43398,45.81116,18.36592,17.54312,17.22968,16.39513,14.56344,FALSE,FALSE,FALSE,FALSE,FALSE,
0,4.352907,220.2696,193.1902,301.8643,235.7892,211.9531,-38.52856,97.94926,13.89243,-31.38811,120.7515,2.847764,-24.5431,87.72748,-1.801246,-6.229052,86.80753,1.118546,11.84179,88.79473,14.94344,-36.62664,96.26649,13.6063,-33.3509,110.7429,-5.578512,-16.73347,84.51608,-13.01249,-0.4893979,83.46491,-4.296625,14.03268,87.8754,13.93307,-0.06731761,-0.3039606,-0.9503033,-0.2013507,-0.9794462,-0.01195701,-0.3823127,-0.911404,-0.152249,-0.4278067,-0.8655834,-0.2602822,-0.5274613,-0.7822654,-0.3314294,47.2674,53.33599,60.77208,58.43398,45.81116,18.36592,17.54312,17.22968,16.39513,14.56344,FALSE,FALSE,FALSE,FALSE,FALSE,
0,4.380051,125.9165,109.6555,172.5136,179.1691,146.0887,-37.70436,99.70776,13.31231,-30.9227,122.2234,3.41934,-25.85596,88.67612,0.1673765,-8.129485,86.67922,3.987722,10.10697,89.39414,16.46084,-35.75182,98.74169,13.01689,-32.44922,114.8378,-1.58325,-18.59286,85.12809,-10.19676,-2.967619,84.23926,-1.465575,10.92914,89.02117,16.1112,-0.04720104,-0.2968561,-0.953755,-0.2311386,-0.9729208,4.38E-06,-0.4160367,-0.9007834,-0.1245098,-0.4677068,-0.8567074,-0.217492,-0.5758877,-0.7589502,-0.3038879,47.2674,53.33599,60.77208,58.43398,45.81116,18.36592,17.54312,17.22968,16.39513,14.56344,FALSE,FALSE,FALSE,FALSE,FALSE,
0,4.398173,87.76533,69.7346,152.7986,187.0142,159.875,-36.92048,100.1517,13.10037,-30.82878,122.538,3.760862,-26.78902,88.39408,2.136876,-9.621901,85.81612,6.882909,8.33605,89.54996,18.455,-35.10633,99.38615,12.84313,-31.92354,117.1966,0.6645361,-19.60376,85.43358,-8.632771,-4.262905,84.3976,0.2375626,9.199174,89.33649,17.72761,-0.03401409,-0.2962042,-0.9545188,-0.2402231,-0.9706755,0.009047205,-0.428836,-0.8984177,-0.09458002,-0.488029,-0.8559321,-0.1709033,-0.6129956,-0.7480313,-0.2543336,47.2674,53.33599,60.77208,58.43398,45.81116,18.36592,17.54312,17.22968,16.39513,14.56344,FALSE,FALSE,FALSE,FALSE,FALSE,
0,4.416149,63.64535,40.58825,173.7713,179.7546,156.0106,-36.19681,100.3091,12.98025,-30.83936,122.5163,3.990341,-27.89631,87.2654,5.285868,-10.83713,84.84709,9.541946,6.76396,89.53811,20.36348,-34.43746,99.73064,12.73722,-31.58633,118.7148,2.170658,-20.36486,85.53207,-7.32324,-5.278297,84.35307,1.744633,7.645233,89.43137,19.41143,-0.02317161,-0.2957425,-0.9549866,-0.2427706,-0.9699486,0.01619115,-0.4356563,-0.8988593,-0.04749265,-0.5001793,-0.8561869,-0.1294788,-0.638621,-0.7407902,-0.2083101,47.2674,53.33599,60.77208,58.43398,45.81116,18.36592,17.54312,17.22968,16.39513,14.56344,FALSE,FALSE,FALSE,FALSE,FALSE,
0,4.434212,50.52053,22.71727,142.5958,179.3278,133.0115,-35.43957,100.3898,12.87439,-30.78395,122.4724,4.078422,-28.53576,86.55916,7.083495,-11.97426,83.95218,12.40669,5.549808,89.43944,21.83553,-33.72951,99.93841,12.66617,-31.37369,119.6173,3.092658,-20.92665,85.54971,-6.300281,-6.082438,84.22604,3.071506,6.375559,89.41364,20.86782,-0.01170247,-0.296687,-0.9549031,-0.2450839,-0.9692681,0.02128742,-0.4397089,-0.8978091,-0.02439151,-0.5120146,-0.854999,-0.08257009,-0.6551786,-0.7344601,-0.1769444,47.2674,53.33599,60.77208,58.43398,45.81116,18.36592,17.54312,17.22968,16.39513,14.56344,FALSE,FALSE,FALSE,FALSE,FALSE,
0,4.443367,46.06451,16.22351,157.5339,175.6682,117.4897,-35.17585,100.5172,12.67344,-30.73421,122.5093,3.973022,-29.00192,86.0256,8.586263,-12.53461,83.5696,13.72132,5.052706,89.44685,22.35297,-33.48867,100.1113,12.51175,-31.27907,119.9812,3.432537,-21.16352,85.53541,-5.843926,-6.422789,84.15282,3.664611,5.86827,89.40166,21.44872,-0.00515456,-0.296791,-0.9549286,-0.2463219,-0.9689231,0.02266189,-0.4422304,-0.8968996,-0.001793264,-0.5172694,-0.8535838,-0.06186242,-0.6612729,-0.7314707,-0.1663391,47.2674,53.33599,60.77208,58.43398,45.81116,18.36592,17.54312,17.22968,16.39513,14.56344,FALSE,FALSE,FALSE,FALSE,FALSE,
0,4.461409,47.96646,13.12605,136.8488,128.24,119.1911,-34.59065,101.0312,12.31355,-30.71025,122.6768,3.845115,-29.66084,85.45672,10.51614,-13.2298,83.25183,15.07173,3.650138,89.52132,23.97609,-33.02327,100.7732,12.17711,-31.10528,120.6748,3.969048,-21.55112,85.49671,-5.073726,-6.982451,84.02646,4.648077,4.91071,89.39243,22.56502,0.007739087,-0.2923903,-0.9562678,-0.2476877,-0.9685621,0.02320016,-0.4450067,-0.8952079,0.02391424,-0.5225506,-0.8514806,-0.0438363,-0.6782909,-0.7231149,-0.1304847,47.2674,53.33599,60.77208,58.43398,45.81116,18.36592,17.54312,17.22968,16.39513,14.56344,FALSE,FALSE,FALSE,FALSE,FALSE,
0,4.47949,49.4295,13.69889,99.75376,90.00125,88.63397,-34.12928,101.635,11.99325,-30.7516,122.882,3.717259,-30.12634,85.19302,11.61258,-13.77635,83.1208,15.94416,2.839652,89.66486,24.68378,-32.70679,101.5094,11.88648,-30.99826,121.2545,4.274022,-21.84682,85.45953,-4.475176,-7.443796,83.9234,5.454754,4.146918,89.41463,23.4109,0.01963296,-0.2878199,-0.9574833,-0.2481712,-0.9684402,0.02312152,-0.4465332,-0.8940182,0.03660003,-0.5255281,-0.850147,-0.03271454,-0.6849376,-0.719197,-0.1166885,47.2674,53.33599,60.77208,58.43398,45.81116,18.36592,17.54312,17.22968,16.39513,14.56344,FALSE,FALSE,FALSE,FALSE,FALSE,
0,4.497659,58.70877,25.79536,74.35876,61.58874,61.24638,-33.6262,102.5783,11.65384,-30.86319,123.4559,3.538863,-30.64046,85.30988,12.51787,-14.32199,83.37537,16.43149,2.210324,90.12275,24.90271,-32.31087,102.4359,11.61018,-30.97181,121.7817,4.369355,-22.06461,85.43234,-4.032498,-7.846135,83.84634,6.139022,3.483354,89.49885,24.06709,0.03444292,-0.2832651,-0.958423,-0.24907,-0.9682618,0.02081519,-0.4483402,-0.8926306,0.04692155,-0.527874,-0.8488853,-0.02725418,-0.6883568,-0.7167439,-0.1115487,47.2674,53.33599,60.77208,58.43398,45.81116,18.36592,17.54312,17.22968,16.39513,14.56344,FALSE,FALSE,FALSE,FALSE,FALSE,
0,4.515554,68.09721,41.90139,65.53391,47.57907,57.83762,-33.15155,103.845,11.34536,-31.08158,124.4829,3.360152,-31.25578,85.85471,13.32278,-14.92706,84.0559,16.62036,1.428777,90.91828,25.0654,-31.88313,103.6294,11.34757,-31.05294,122.5547,4.319181,-22.25565,85.42213,-3.654207,-8.369387,83.80322,6.967185,2.707179,89.7811,24.66356,0.05121011,-0.2784569,-0.9590825,-0.2504475,-0.9680145,0.01496873,-0.4504603,-0.891059,0.05567229,-0.5302238,-0.8474458,-0.02642686,-0.692766,-0.7133707,-0.1057246,47.2674,53.33599,60.77208,58.43398,45.81116,18.36592,17.54312,17.22968,16.39513,14.56344,FALSE,FALSE,FALSE,FALSE,FALSE,
0,4.534786,119.9795,102.7656,84.49801,84.89141,90.32565,-32.58936,107.0877,10.43423,-30.99098,127.6378,2.819128,-31.7722,88.73829,12.19664,-16.07791,86.32674,17.16365,0.3379629,93.27027,24.93251,-31.36995,106.218,10.71198,-31.09359,124.374,4.0468,-22.9405,85.56381,-2.434668,-9.400846,83.97048,8.464524,1.56045,90.79044,25.22575,0.07689224,-0.2642774,-0.9613767,-0.260595,-0.9654336,-0.00530687,-0.4606065,-0.8869889,0.03305142,-0.5422825,-0.8398541,-0.02397326,-0.702987,-0.7021103,-0.1133598,47.2674,53.33599,60.77208,58.43398,45.81116,18.36592,17.54312,17.22968,16.39513,14.56344,FALSE,FALSE,FALSE,FALSE,FALSE,
0,4.545966,118.5714,104.5643,85.46146,89.073,86.84394,-32.3631,108.339,10.13376,-30.87267,128.8272,2.664075,-32.236,89.53806,12.84303,-16.65521,87.0795,17.67549,-0.1320993,94.0567,24.94642,-31.11727,107.5926,10.3812,-31.06327,125.6032,3.854077,-23.76851,85.82774,-0.9981492,-10.34691,84.25104,9.760574,0.8046948,91.60897,25.51019,0.08458035,-0.2596686,-0.9619867,-0.2675756,-0.9634615,-0.01204983,-0.4676571,-0.8829855,0.04041691,-0.5502859,-0.8347831,-0.01796172,-0.7089734,-0.6957082,-0.1155281,47.2674,53.33599,60.77208,58.43398,45.81116,18.36592,17.54312,17.22968,16.39513,14.56344,FALSE,FALSE,FALSE,FALSE,FALSE,
0,4.557582,108.5459,93.30441,81.63759,79.9822,81.64906,-32.27385,109.3431,9.874869,-30.85765,129.66,2.599182,-32.51502,90.38885,12.59481,-17.03625,87.77588,17.60965,-0.6878767,94.67146,25.11622,-30.97719,108.7454,10.10097,-31.03937,126.745,3.695934,-24.95156,86.30537,0.9517988,-11.55072,84.70802,11.30645,0.01415513,92.46891,25.79717,0.089545,-0.2571588,-0.9622115,-0.2731528,-0.9618895,-0.01249615,-0.4733332,-0.8801798,0.03520201,-0.5557345,-0.8311014,-0.02072759,-0.7153783,-0.6897349,-0.1118013,47.2674,53.33599,60.77208,58.43398,45.81116,18.36592,17.54312,17.22968,16.39513,14.56344,FALSE,FALSE,FALSE,FALSE,FALSE,
0,4.582152,152.9149,140.7457,138.2829,130.97,122.2583,-33.03679,113.9614,8.835766,-31.7625,134.1397,2.479847,-33.68606,94.68081,11.07167,-18.17168,91.83282,15.78953,-1.963207,98.30531,23.69534,-31.4985,112.8286,9.162177,-31.48695,130.4577,3.419905,-28.15032,88.7344,5.176623,-14.50622,87.08571,13.94846,-1.627681,95.35521,25.46665,0.08609796,-0.2247438,-0.9706067,-0.2800223,-0.9592717,-0.03722104,-0.4800879,-0.8771807,0.008345864,-0.5624093,-0.825593,-0.04573831,-0.7224831,-0.6797833,-0.1261461,47.2674,53.33599,60.77208,58.43398,45.81116,18.36592,17.54312,17.22968,16.39513,14.56344,FALSE,FALSE,FALSE,FALSE,FALSE,
0,4.595112,161.184,142.4579,142.3668,139.8366,129.6848,-33.84401,115.9247,8.263791,-32.60866,135.8878,2.359216,-34.49878,96.31721,10.36613,-18.90856,93.41202,14.72588,-2.626055,99.74059,22.56758,-32.21875,114.8581,8.606606,-32.00962,132.4064,3.285546,-29.90382,90.46183,6.914896,-15.93685,88.65522,14.61178,-2.355643,96.83283,24.88412,0.07475664,-0.2082268,-0.9752195,-0.2815084,-0.9584152,-0.04683227,-0.4811778,-0.8766224,0.001052923,-0.5640149,-0.8240671,-0.05292181,-0.7250814,-0.6768228,-0.1271528,47.2674,53.33599,60.77208,58.43398,45.81116,18.36592,17.54312,17.22968,16.39513,14.56344,FALSE,FALSE,FALSE,FALSE,FALSE,
0,4.608468,164.8899,141.0856,139.7183,142.5338,148.914,-35.84896,117.2332,7.733375,-34.71445,136.8985,2.072101,-36.25998,97.33038,9.779937,-20.56056,94.44134,13.71992,-3.983476,100.7582,20.76817,-33.84598,116.5248,8.025442,-33.23779,134.0317,3.073273,-31.87975,92.21115,8.208563,-17.48764,90.14739,14.80686,-3.09493,97.97094,23.86165,0.05019785,-0.1999785,-0.9785135,-0.2790974,-0.9592381,-0.04435164,-0.4780731,-0.8782913,0.007104829,-0.5624138,-0.8256459,-0.04471651,-0.719972,-0.6811867,-0.1327597,47.2674,53.33599,60.77208,58.43398,45.81116,18.36592,17.54312,17.22968,16.39513,14.56344,FALSE,FALSE,FALSE,FALSE,FALSE,
0,4.622468,203.1988,192.2162,175.2748,184.8199,183.8656,-39.45289,118.8221,8.368201,-38.53644,138.3886,3.112516,-39.68354,98.71365,10.15753,-23.72405,95.82826,12.68333,-6.753119,101.9456,18.96165,-36.95552,118.2762,8.127041,-35.83231,135.7636,3.435699,-34.77137,94.21358,9.455865,-19.6184,91.77672,14.46428,-4.294319,99.03251,22.63001,-0.007267869,-0.1827703,-0.9831288,-0.2821341,-0.9583818,-0.04364232,-0.4779431,-0.8781773,0.01936304,-0.5647128,-0.824319,-0.03997054,-0.7245707,-0.679746,-0.1137661,47.2674,53.33599,60.77208,58.43398,45.81116,18.36592,17.54312,17.22968,16.39513,14.56344,FALSE,FALSE,FALSE,FALSE,FALSE,
0,4.650238,566.0992,567.1649,526.738,601.7784,690.341,-53.57435,105.4329,-2.54814,-51.57511,123.0236,-8.875969,-53.17578,84.6856,0.7986336,-37.23347,81.07938,-0.4677869,-18.74205,86.49011,0.7424793,-52.36983,107.4684,-0.8447213,-48.98967,124.914,-5.059886,-48.34333,88.12072,6.565067,-31.68914,85.62138,7.385665,-12.68097,92.82787,12.78217,-0.2344409,-0.2445651,-0.9408641,-0.3188021,-0.9406764,0.1161603,-0.504046,-0.8432828,0.1865789,-0.6016451,-0.7888421,0.1255046,-0.7620189,-0.6460156,0.04462073,47.2674,53.33599,60.77208,58.43398,45.81116,18.36592,17.54312,17.22968,16.39513,14.56344,FALSE,FALSE,FALSE,FALSE,FALSE,
0,4.662331,718.4316,756.7295,1165.758,1091.973,877.889,-61.8952,103.876,20.27356,-34.78976,130.8727,-23.91657,-20.59043,122.7149,-43.25685,-3.693811,117.9417,-35.5402,14.47202,95.43512,-11.5052,-58.13891,98.8545,14.38739,-45.08515,113.5582,-15.26909,-42.49791,83.69353,-8.311844,-25.15734,82.02464,-4.418457,-3.936409,84.95592,5.325142,-0.3400845,-0.3337587,-0.8791744,-0.300671,-0.8546748,-0.423235,-0.3612407,-0.7989303,-0.4808488,-0.3756121,-0.763037,-0.5260133,-0.4140527,-0.7759553,-0.4758716,47.2674,53.33599,60.77208,58.43398,45.81116,18.36592,17.54312,17.22968,16.39513,14.56344,FALSE,FALSE,FALSE,FALSE,FALSE,
5,4.674386,659.3524,689.1173,1299.967,1181.368,924.0878,-64.28517,100.9366,26.45424,-30.50373,127.23,-31.07471,-12.68241,123.1613,-52.52519,5.641143,116.886,-42.70225,26.56995,97.3434,-13.74504,-60.10944,96.02632,22.02169,-38.9486,111.5746,-21.73228,-34.37009,85.63632,-19.75505,-16.39818,84.02694,-13.9441,9.057137,83.81139,-0.3767983,-0.3863581,-0.3819936,-0.8395286,-0.1484981,-0.7239217,-0.6737103,-0.1604164,-0.6190156,-0.7688214,-0.1732944,-0.6198067,-0.7653815,-0.1561661,-0.7272807,-0.6683374,47.2674,53.33599,60.77208,58.43398,45.81116,18.36592,17.54312,17.22968,16.39513,14.56344,TRUE,TRUE,TRUE,TRUE,TRUE,
5,4.693488,402.8689,480.567,1109.662,1012.324,726.6487,-65.57632,99.38653,28.09496,-30.42364,126.4127,-33.8232,-9.172685,124.825,-54.1019,10.40002,118.1062,-43.93905,33.16959,96.68275,-13.12257,-62.93201,96.39366,26.01241,-36.70816,113.9187,-25.00694,-25.11704,94.1675,-32.46785,-5.94352,92.07877,-25.32141,23.78871,87.86913,-6.992548,-0.4407448,-0.3501748,-0.8265117,-0.08471628,-0.5107826,-0.8555257,-0.05912845,-0.3237454,-0.9442949,-0.07117844,-0.3796268,-0.9223974,-0.000124521,-0.6100985,-0.7923255,47.2674,53.33599,60.77208,58.43398,45.81116,18.36592,17.54312,17.22968,16.39513,14.56344,TRUE,TRUE,TRUE,TRUE,TRUE,
5,4.711587,425.039,478.9355,885.2884,780.5477,681.0657,-69.38702,96.02716,32.016,-36.67997,133.0913,-36.63359,-6.884273,129.8043,-53.03091,12.65857,120.5863,-44.83858,45.50062,96.30215,-12.97445,-66.14762,95.76997,28.63151,-35.95315,119.1209,-29.40568,-18.64091,104.6079,-40.97564,1.425038,101.466,-33.48134,34.31674,91.4174,-11.69795,-0.5487235,-0.343517,-0.762167,-0.173896,-0.2957222,-0.9393128,-0.04071911,-0.2020095,-0.9785367,-0.04743349,-0.2648773,-0.9631148,0.1496736,-0.5336846,-0.8323332,47.2674,53.33599,60.77208,58.43398,45.81116,18.36592,17.54312,17.22968,16.39513,14.56344,TRUE,TRUE,TRUE,TRUE,TRUE,
5,4.72969,353.5446,471.0923,605.4572,560.8063,529.8148,-73.24692,94.82446,34.61925,-42.42889,137.8244,-39.11662,-7.40879,131.9305,-54.02931,12.7763,123.4513,-46.06282,50.58819,94.35543,-14.49884,-70.33361,94.31699,31.97503,-38.60272,125.9348,-33.52778,-13.77234,115.5285,-47.32489,6.499244,110.4543,-39.5941,43.73582,92.5843,-14.98483,-0.6245989,-0.3436125,-0.7012892,-0.2533523,-0.161833,-0.9537414,-0.03915377,-0.1778875,-0.9832716,-0.04258706,-0.2270651,-0.972948,0.2738316,-0.5202485,-0.8089238,47.2674,53.33599,60.77208,58.43398,45.81116,18.36592,17.54312,17.22968,16.39513,14.56344,TRUE,TRUE,TRUE,TRUE,TRUE,
5,4.7478,224.7484,327.9077,429.5837,397.8611,368.455,-74.40704,94.58511,35.4702,-44.3592,139.8443,-39.29229,-7.244135,134.6192,-54.1157,13.20235,126.1626,-46.28357,51.92432,94.60701,-14.94238,-72.79735,93.70403,34.08244,-41.64484,132.2419,-36.51736,-10.1508,125.2687,-51.3092,10.27838,118.6279,-43.40492,49.74227,93.60233,-15.45312,-0.6430513,-0.3363875,-0.6879888,-0.2755374,-0.1079255,-0.9552127,-0.02646882,-0.1291538,-0.9912713,-0.02716807,-0.1796706,-0.9833516,0.34098,-0.5050607,-0.7928722,47.2674,53.33599,60.77208,58.43398,45.81116,18.36592,17.54312,17.22968,16.39513,14.56344,TRUE,TRUE,TRUE,TRUE,TRUE,
5,4.765812,171.3938,236.1859,312.0256,298.5391,239.8827,-75.74995,94.79944,36.75017,-45.85126,141.5355,-39.06385,-7.201281,137.2732,-54.0233,13.47755,128.9093,-46.37025,52.60075,95.54282,-15.15246,-74.50607,93.6686,35.62362,-44.41392,137.4162,-38.25922,-7.921144,133.0651,-53.32095,12.67247,125.3143,-45.45814,52.48189,95.06667,-15.4177,-0.660942,-0.3257274,-0.6760601,-0.2887123,-0.06748596,-0.9550345,-0.01569216,-0.08108801,-0.9965834,-0.01232587,-0.1286146,-0.991618,0.3730729,-0.4815051,-0.7930759,47.2674,53.33599,60.77208,58.43398,45.81116,18.36592,17.54312,17.22968,16.39513,14.56344,TRUE,TRUE,TRUE,TRUE,TRUE,
5,4.774872,135.2609,217.0457,263.9686,261.3264,204.6143,-76.02416,93.94354,36.82302,-46.69525,142.5869,-38.93009,-7.416392,138.4732,-53.9771,13.36319,130.3376,-46.47775,53.01086,96.45924,-15.60091,-75.15294,93.50545,36.17713,-45.71367,139.7595,-38.72544,-7.416918,135.9623,-53.7904,13.29101,128.0709,-46.04782,53.30517,96.10011,-15.66284,-0.6632875,-0.3212064,-0.6759261,-0.2932509,-0.03402876,-0.9554297,-0.01222811,-0.05809327,-0.9982362,-0.008182628,-0.1024907,-0.9947003,0.3870814,-0.4618854,-0.7980162,47.2674,53.33599,60.77208,58.43398,45.81116,18.36592,17.54312,17.22968,16.39513,14.56344,TRUE,TRUE,TRUE,TRUE,TRUE,
5,4.792945,124.8293,163.5686,194.5006,185.2551,168.8415,-77.30666,94.16341,38.22109,-47.91869,143.9712,-38.74514,-7.508378,140.2844,-53.9375,13.06771,132.0482,-46.56103,53.95673,98.14535,-15.76397,-76.40771,93.55238,37.36354,-47.80072,143.3198,-39.08505,-6.978974,139.9349,-54.16412,13.63282,131.8473,-46.63784,54.73536,98.33436,-15.85219,-0.6790101,-0.3115059,-0.6647626,-0.3004012,0.002499318,-0.9538097,-0.003674985,-0.02241703,-0.999742,-0.00454664,-0.07083546,-0.9974777,0.4161735,-0.4282254,-0.8021363,47.2674,53.33599,60.77208,58.43398,45.81116,18.36592,17.54312,17.22968,16.39513,14.56344,TRUE,TRUE,TRUE,TRUE,TRUE,
5,4.811041,80.08184,116.1074,131.5977,131.3857,149.2922,-77.8379,93.33805,38.50311,-49.14302,144.422,-38.94581,-8.068318,141.3801,-54.24586,12.36197,133.2694,-46.97047,54.70909,100.2203,-16.17739,-77.32706,93.42879,38.20295,-49.35406,144.9519,-39.29694,-7.274323,142.0827,-54.47047,13.10865,133.9839,-47.10163,55.75058,100.8477,-16.18606,-0.6804035,-0.3150972,-0.661638,-0.3033006,0.02447226,-0.9525806,0.000714199,0.000786079,-0.9999995,-0.004173034,-0.04964773,-0.9987581,0.438584,-0.3978025,-0.8058519,47.2674,53.33599,60.77208,58.43398,45.81116,18.36592,17.54312,17.22968,16.39513,14.56344,TRUE,TRUE,TRUE,TRUE,TRUE,
5,4.82907,67.80917,83.72488,69.23224,70.00601,143.75,-77.35357,91.50007,38.70053,-50.68747,143.5654,-39.63402,-9.540001,140.3553,-55.09944,10.67434,131.6374,-47.83471,54.85797,102.1453,-16.80305,-77.6328,92.56056,38.60642,-50.78439,144.9304,-39.89394,-8.584386,141.9823,-55.19824,11.60924,133.4561,-47.86459,56.0127,103.4447,-16.94258,-0.6580353,-0.3494068,-0.6670116,-0.3046449,0.03906606,-0.9516645,-0.004218914,0.005370999,-0.9999767,-0.01616301,-0.06733532,-0.9975995,0.4537747,-0.3641844,-0.8133008,47.2674,53.33599,60.77208,58.43398,45.81116,18.36592,17.54312,17.22968,16.39513,14.56344,TRUE,TRUE,TRUE,TRUE,TRUE,
5,4.847175,145.6555,92.92793,105.6873,118.0778,94.87531,-75.495,89.05774,37.27128,-52.37967,141.9644,-40.6949,-11.67361,138.0623,-56.20534,8.447289,129.5772,-48.87588,52.70724,102.1651,-17.78814,-76.45228,90.58219,37.93854,-52.2099,143.6115,-40.87041,-10.61623,140.0623,-56.21387,9.380904,131.4275,-48.838,53.75901,103.9694,-18.04663,-0.6015517,-0.3982321,-0.6924932,-0.3024206,0.0295451,-0.9527165,-0.01354327,-0.01166822,-0.9998402,-0.02722212,-0.0799696,-0.9964255,0.4303135,-0.3663834,-0.8249809,47.2674,53.33599,60.77208,58.43398,45.81116,18.36592,17.54312,17.22968,16.39513,14.56344,TRUE,TRUE,TRUE,TRUE,TRUE,
5,4.865243,229.2366,100.9417,194.8311,220.1688,153.1677,-69.99631,86.654,34.1149,-52.8046,140.4239,-42.06124,-13.65571,134.1069,-57.10806,5.680573,125.2263,-49.4449,49.12717,99.63958,-18.15101,-73.40288,88.28266,35.97633,-52.66806,141.6936,-42.16048,-13.05288,135.8048,-57.21744,6.167249,126.8807,-49.59438,49.79578,101.6903,-18.76391,-0.5141373,-0.4598485,-0.724018,-0.2894462,-0.005292355,-0.9571797,-0.03481161,-0.07235005,-0.9967716,-0.05913378,-0.1383197,-0.9886207,0.3768799,-0.4058564,-0.8326116,47.2674,53.33599,60.77208,58.43398,45.81116,18.36592,17.54312,17.22968,16.39513,14.56344,TRUE,TRUE,TRUE,TRUE,TRUE,
5,4.883316,201.4637,76.96406,260.1034,370.2651,335.5473,-66.51979,87.71316,32.52337,-52.28688,139.7508,-42.43774,-14.97655,129.2372,-56.33263,1.573173,117.705,-47.30702,42.21206,95.27685,-16.99989,-69.86787,87.35523,33.96082,-52.27213,140.063,-42.90395,-15.04572,129.8151,-56.81786,1.440777,118.3712,-47.91243,42.11853,96.71918,-18.1706,-0.4551959,-0.4888546,-0.7441894,-0.2733331,-0.04830344,-0.9607059,-0.05314985,-0.158366,-0.9859489,-0.1202723,-0.2583544,-0.9585341,0.2544447,-0.4821785,-0.8383089,47.2674,53.33599,60.77208,58.43398,45.81116,18.36592,17.54312,17.22968,16.39513,14.56344,TRUE,TRUE,TRUE,TRUE,TRUE,
5,4.901355,168.5314,42.55762,175.0281,379.6703,497.4362,-65.14342,90.39016,32.17432,-51.51907,141.1004,-40.52186,-15.23643,128.1154,-53.47675,-2.180502,113.2346,-43.22524,32.35331,89.20069,-12.97294,-67.17466,88.36179,32.78008,-51.64875,139.5259,-42.02563,-15.62157,126.7915,-54.18884,-2.764273,112.2234,-43.85614,31.97373,89.48251,-14.03978,-0.4109297,-0.4828011,-0.7733304,-0.2690088,-0.07887172,-0.9599029,-0.05958097,-0.1891709,-0.9801349,-0.1740721,-0.3210181,-0.9309384,0.09177693,-0.579617,-0.8097044,47.2674,53.33599,60.77208,58.43398,45.81116,18.36592,17.54312,17.22968,16.39513,14.56344,TRUE,TRUE,TRUE,TRUE,TRUE,
5,4.910416,154.6849,91.82564,160.0462,414.5149,495.6836,-64.33031,90.86598,32.8772,-51.1075,140.1581,-39.04691,-14.57942,128.0309,-51.50858,-3.976743,110.2583,-39.90246,29.56014,87.63223,-9.797388,-65.77439,88.93704,32.54657,-51.52023,139.2596,-41.12526,-15.30152,126.8677,-52.63705,-4.615326,109.6797,-41.00565,28.64938,87.54005,-11.02035,-0.3832997,-0.4865939,-0.7850527,-0.2646272,-0.1093125,-0.9581352,-0.04987939,-0.1935115,-0.9798293,-0.1986609,-0.3671952,-0.9086812,0.04038839,-0.6148558,-0.7876047,47.2674,53.33599,60.77208,58.43398,45.81116,18.36592,17.54312,17.22968,16.39513,14.56344,TRUE,TRUE,TRUE,TRUE,TRUE,
4,4.928521,160.8365,100.9687,129.8168,420.4692,429.6828,-61.86862,91.68712,32.12664,-49.95342,141.7164,-36.95408,-13.18128,131.099,-48.91933,-7.673681,106.0148,-33.68548,25.20134,87.40418,-5.780884,-62.69501,90.05753,31.80055,-51.16842,139.684,-39.72017,-14.56233,128.8256,-50.72973,-7.592751,106.3891,-35.74579,24.29749,86.96858,-6.918386,-0.3273225,-0.4729232,-0.8180487,-0.2509348,-0.1180488,-0.960779,-0.03344816,-0.1736692,-0.9842359,-0.2531618,-0.4543933,-0.8540701,-0.04732331,-0.6525828,-0.7562382,47.2674,53.33599,60.77208,58.43398,45.81116,18.36592,17.54312,17.22968,16.39513,14.56344,FALSE,TRUE,TRUE,TRUE,TRUE,
3,4.946577,165.699,165.65,234.7742,303.3952,825.9456,-59.60536,91.96008,29.60534,-47.70383,146.0854,-35.41192,-10.45789,137.6908,-46.54642,-8.109155,105.9775,-29.13406,4.127092,85.23444,20.37375,-60.07829,90.83318,30.43061,-50.25148,140.9268,-38.45189,-13.0901,131.985,-48.87638,-8.545813,105.0226,-31.47026,14.46353,84.23947,1.998436,-0.2708794,-0.4301049,-0.8611819,-0.2111752,-0.07337244,-0.9746905,0.004212701,-0.1145456,-0.993409,-0.2666538,-0.5084491,-0.8187644,-0.3685205,-0.7881445,-0.4929715,47.2674,53.33599,60.77208,58.43398,45.81116,18.36592,17.54312,17.22968,16.39513,14.56344,FALSE,TRUE,TRUE,TRUE,FALSE,
2,4.964732,282.7354,813.9066,1204.099,778.6454,733.4644,-57.36252,91.96902,22.11418,-53.80862,106.6679,-5.187598,-41.79644,85.8396,-2.085923,-19.54202,88.96894,2.608524,-4.012969,84.96181,24.27094,-58.45069,91.14198,27.38953,-51.80052,135.0169,-36.02536,-25.40137,114.5503,-40.13419,-12.32973,99.70223,-26.21222,2.605836,82.86224,11.60555,-0.2521048,-0.3911711,-0.8851149,-0.3156749,-0.5611438,-0.7651581,-0.358844,-0.7609347,-0.5405639,-0.3969759,-0.7860034,-0.4739291,-0.5668882,-0.8162605,-0.1111602,47.2674,53.33599,60.77208,58.43398,45.81116,18.36592,17.54312,17.22968,16.39513,14.56344,FALSE,TRUE,TRUE,FALSE,FALSE,
0,4.982733,350.2354,996.2395,968.3818,704.1941,420.0231,-53.8168,95.67737,15.55198,-50.84447,94.63241,3.847049,-39.31226,86.27584,-0.2176242,-19.33438,86.0216,7.329217,-1.857962,89.10694,20.90712,-56.99942,92.22322,24.03125,-52.96121,117.8127,-25.73258,-32.69469,101.4054,-27.43515,-15.36872,93.56843,-16.52736,-0.2116666,85.99227,15.17457,-0.21791,-0.3182094,-0.9226364,-0.2714457,-0.9011055,-0.3381215,-0.3821268,-0.8969309,-0.2224728,-0.4349364,-0.8842739,-0.1699705,-0.6016251,-0.7987783,-0.000693942,47.2674,53.33599,60.77208,58.43398,45.81116,18.36592,17.54312,17.22968,16.39513,14.56344,FALSE,FALSE,FALSE,FALSE,FALSE,
0,5.000794,392.6053,659.4732,604.4467,551.5006,282.9312,-50.40529,102.9551,11.97208,-47.61319,100.7594,3.791502,-36.60264,93.80157,-0.2825084,-18.23425,90.65504,9.281044,-0.214756,94.17805,19.728,-55.86526,93.76071,22.18196,-51.33972,110.1578,-16.21876,-34.49265,98.01747,-19.18765,-16.14734,92.39722,-10.80477,-0.1827015,90.24322,16.38825,-0.156684,-0.2385618,-0.9584041,-0.2612752,-0.9526653,-0.1554482,-0.4149874,-0.9034255,-0.1077395,-0.4849619,-0.8725711,-0.05858108,-0.6396375,-0.7659001,-0.06527553,47.2674,53.33599,60.77208,58.43398,45.81116,18.36592,17.54312,17.22968,16.39513,14.56344,FALSE,FALSE,FALSE,FALSE,FALSE,
0,5.00991,410.3992,528.671,546.2783,513.5342,292.5883,-48.04664,106.8279,11.15929,-46.03775,105.0119,3.906128,-35.71966,97.12989,1.991559,-17.97941,93.18404,11.29882,-0.008234583,96.36585,20.96349,-54.20333,96.04582,20.08752,-50.32535,109.4053,-13.14224,-34.632,98.00076,-16.53866,-16.29877,92.49101,-8.802415,-0.1084359,92.37614,17.56402,-0.1132308,-0.2093173,-0.9712698,-0.2820173,-0.952002,-0.1189893,-0.4448654,-0.8935171,-0.06100797,-0.5212246,-0.8530079,-0.02650595,-0.6729873,-0.735831,-0.07510582,47.2674,53.33599,60.77208,58.43398,45.81116,18.36592,17.54312,17.22968,16.39513,14.56344,FALSE,FALSE,FALSE,FALSE,FALSE,
0,5.027949,364.1006,346.6241,474.6571,443.815,267.3884,-42.70774,110.0939,10.37907,-44.1805,110.0621,3.919923,-35.2847,100.1576,6.747657,-18.59062,95.25873,15.28047,-0.667754,98.31648,23.69699,-48.77412,101.6339,15.66146,-48.85903,109.5192,-9.447504,-34.74653,98.3218,-12.9521,-16.55795,92.77256,-6.049774,-0.5365343,95.19607,20.37675,-0.03111529,-0.1982588,-0.9796557,-0.3212573,-0.9424929,-0.09219997,-0.4881232,-0.8719305,0.03837949,-0.5743275,-0.8172562,0.04733223,-0.7258363,-0.6864494,-0.04414659,47.2674,53.33599,60.77208,58.43398,45.81116,18.36592,17.54312,17.22968,16.39513,14.56344,FALSE,FALSE,FALSE,FALSE,FALSE,
0,5.04602,263.7959,207.8068,397.517,364.8857,224.2539,-39.27772,109.9265,10.28763,-43.51223,111.3031,3.904252,-35.62475,99.98595,10.56741,-19.50918,95.08835,18.83394,-1.884418,98.42497,26.14733,-42.14757,106.0975,12.12075,-47.97104,109.8393,-7.434655,-34.84052,98.44757,-10.8639,-16.77503,92.8953,-4.36654,-1.311511,96.33781,22.73357,0.01503213,-0.2114684,-0.9772692,-0.3337484,-0.9391129,-0.08172467,-0.4974903,-0.8571582,0.1333538,-0.5917628,-0.7956885,0.129215,-0.7488967,-0.6624305,0.01842687,47.2674,53.33599,60.77208,58.43398,45.81116,18.36592,17.54312,17.22968,16.39513,14.56344,FALSE,FALSE,FALSE,FALSE,FALSE,
0,5.064121,185.9464,121.0377,332.2074,310.6497,202.8569,-36.92298,109.1779,10.50676,-43.22318,111.5958,3.929541,-36.09105,99.24773,13.98836,-20.52731,94.44209,22.44547,-3.214413,98.14545,28.7025,-37.15446,107.5837,10.74467,-47.38383,110.0866,-6.154208,-34.91203,98.47166,-9.668414,-16.934,92.93666,-3.32289,-2.077843,96.7688,24.58442,0.04422747,-0.2247707,-0.9734074,-0.3386541,-0.9380188,-0.07371687,-0.4968766,-0.8427452,0.2071089,-0.5973992,-0.7756165,0.2037972,-0.758122,-0.6462312,0.08738615,47.2674,53.33599,60.77208,58.43398,45.81116,18.36592,17.54312,17.22968,16.39513,14.56344,FALSE,FALSE,FALSE,FALSE,FALSE,
0,5.082158,121.0699,70.75978,292.6054,261.9667,175.4542,-35.8392,108.7908,10.66353,-43.02517,111.5399,3.964711,-36.61658,98.26913,17.9797,-21.39171,93.80254,25.70431,-4.257417,97.81673,30.93371,-34.65449,107.8201,10.5151,-46.96387,110.2472,-5.260897,-34.96622,98.45251,-8.917779,-17.04511,92.94531,-2.651689,-2.674172,96.92077,25.98702,0.06136623,-0.2320924,-0.9707561,-0.3409246,-0.9376507,-0.06768683,-0.4924493,-0.8236572,0.2812162,-0.5986036,-0.7568114,0.2625076,-0.7610592,-0.6333381,0.1402559,47.2674,53.33599,60.77208,58.43398,45.81116,18.36592,17.54312,17.22968,16.39513,14.56344,FALSE,FALSE,FALSE,FALSE,FALSE,
0,5.1002,74.62057,227.3978,228.6153,200.4425,144.0405,-35.40357,107.816,10.30794,-43.83362,108.3598,9.208261,-37.18372,97.01938,20.34713,-22.16872,93.05032,27.80369,-5.41814,97.56461,32.46807,-33.68543,107.2145,10.30709,-46.68994,110.2006,-4.394096,-35.0041,98.42551,-8.441996,-17.1247,92.94134,-2.197636,-3.154508,96.963,27.04242,0.07792731,-0.2423207,-0.9670615,-0.3144975,-0.9471175,0.06371628,-0.4696088,-0.816359,0.3361927,-0.5814602,-0.7505798,0.3139014,-0.7471649,-0.6339951,0.1994865,47.2674,53.33599,60.77208,58.43398,45.81116,18.36592,17.54312,17.22968,16.39513,14.56344,FALSE,FALSE,FALSE,FALSE,FALSE,
0,5.118282,74.11549,277.3301,200.8217,152.5126,132.8795,-34.2098,107.8755,9.916035,-44.45501,106.1805,14.01231,-37.7437,96.4851,23.13667,-22.92438,92.8543,29.5529,-6.583768,97.63664,34.10639,-32.55467,107.2831,9.941564,-46.55473,109.9243,-3.284221,-35.03502,98.39902,-8.09814,-17.1888,92.9349,-1.855595,-3.594817,96.99448,27.91949,0.1030455,-0.2402497,-0.9652262,-0.289633,-0.9384987,0.1879704,-0.4511588,-0.8022583,0.3909442,-0.5702119,-0.742284,0.3519557,-0.7360941,-0.626687,0.2557907,47.2674,53.33599,60.77208,58.43398,45.81116,18.36592,17.54312,17.22968,16.39513,14.56344,FALSE,FALSE,FALSE,FALSE,FALSE,
0,5.127367,71.84866,316.9177,181.6528,124.3827,118.1359,-33.73943,108.2827,9.893239,-44.87902,105.7101,17.30687,-38.25333,96.63361,24.31702,-23.45612,93.1,29.93808,-7.272898,97.89892,34.56411,-31.9542,107.7559,9.901711,-46.519,109.8014,-2.762603,-35.04824,98.39022,-7.968626,-17.22034,92.93345,-1.700314,-3.826605,97.02323,28.33736,0.1136983,-0.2362323,-0.9650217,-0.2746306,-0.9250183,0.2625245,-0.4433543,-0.796874,0.4104008,-0.5665769,-0.7409743,0.3604826,-0.7316434,-0.6248714,0.2724586,47.2674,53.33599,60.77208,58.43398,45.81116,18.36592,17.54312,17.22968,16.39513,14.56344,FALSE,FALSE,FALSE,FALSE,FALSE,
0,5.145462,71.10622,250.9328,136.3036,80.29754,79.87459,-33.01388,109.2864,9.724656,-45.38333,105.404,20.19772,-38.90334,96.78142,25.86821,-24.10525,93.45606,30.45673,-8.042167,98.23974,34.97991,-31.20531,109.1033,9.7329,-46.4815,109.6285,-1.963883,-35.07041,98.37819,-7.770275,-17.29621,92.93376,-1.3467,-4.343389,97.11078,29.19732,0.123725,-0.2221821,-0.9671232,-0.2584975,-0.908483,0.3283865,-0.4339355,-0.7901148,0.4329187,-0.5625325,-0.7385499,0.3716196,-0.7255619,-0.6247487,0.288529,47.2674,53.33599,60.77208,58.43398,45.81116,18.36592,17.54312,17.22968,16.39513,14.56344,FALSE,FALSE,FALSE,FALSE,FALSE,
0,5.163632,60.15888,183.2353,88.95574,48.74838,53.78013,-32.71989,110.0977,9.51377,-45.7165,105.3336,21.8411,-39.37564,96.91575,26.68192,-24.55255,93.7096,30.54665,-8.572386,98.46983,35.23966,-31.01232,110.2238,9.492224,-46.46618,109.53,-1.469173,-35.08975,98.36949,-7.611991,-17.44494,92.94043,-0.6931704,-4.986513,97.24583,30.1933,0.127205,-0.2137422,-0.9685727,-0.2503185,-0.8970693,0.3641529,-0.430732,-0.7857869,0.4438569,-0.5621186,-0.7374524,0.3744151,-0.7225419,-0.62371,0.298193,47.2674,53.33599,60.77208,58.43398,45.81116,18.36592,17.54312,17.22968,16.39513,14.56344,FALSE,FALSE,FALSE,FALSE,FALSE,
0,5.181684,63.99142,99.38956,28.95135,32.81297,35.15971,-33.2232,110.4919,8.013782,-46.10109,105.0544,21.97684,-39.90218,96.88027,25.53418,-25.12527,93.5859,29.49906,-9.154216,98.23498,34.26765,-31.90305,110.8518,8.290105,-46.46151,109.467,-1.153885,-35.17508,98.33659,-7.013625,-18.04184,92.96283,1.680876,-6.026664,97.41679,31.45605,0.1211345,-0.2157878,-0.9688973,-0.2529624,-0.8827574,0.395916,-0.4391041,-0.7795769,0.4465954,-0.5694394,-0.729138,0.3796006,-0.7276864,-0.6147041,0.3043212,47.2674,53.33599,60.77208,58.43398,45.81116,18.36592,17.54312,17.22968,16.39513,14.56344,FALSE,FALSE,FALSE,FALSE,FALSE,
0,5.199638,85.27639,29.50589,30.72253,50.07543,42.63065,-34.38646,109.7131,6.802824,-46.16887,104.9392,20.96188,-40.03712,96.77369,24.54857,-25.26893,93.46709,28.34557,-9.308048,98.07536,33.21786,-33.23552,110.436,7.224967,-46.45719,109.3982,-0.8299887,-35.3699,98.26077,-5.712779,-18.62511,92.98032,3.873418,-6.795706,97.50993,32.14045,0.0995135,-0.2292555,-0.968266,-0.2576384,-0.8800167,0.3989899,-0.4437322,-0.7764891,0.4473996,-0.5755361,-0.7282501,0.3720349,-0.7314782,-0.6126059,0.2994222,47.2674,53.33599,60.77208,58.43398,45.81116,18.36592,17.54312,17.22968,16.39513,14.56344,FALSE,FALSE,FALSE,FALSE,FALSE,
0,5.217704,555.7324,391.294,415.7158,448.8516,453.229,-39.73221,93.02221,-0.8363584,-49.09806,92.10338,15.18123,-43.04603,84.26629,18.02733,-27.93307,80.9209,20.5915,-11.55737,85.53351,24.05342,-38.58358,98.40992,2.872315,-46.62885,108.4796,0.4113194,-36.21471,97.09315,-2.793208,-19.98886,91.73315,6.801439,-8.145474,95.33272,31.36307,-0.01399104,-0.3904009,-0.9205386,-0.2441853,-0.7914174,0.5603857,-0.43359,-0.6938378,0.5749685,-0.5707751,-0.6558824,0.4939981,-0.7260472,-0.5386106,0.4274974,47.2674,53.33599,60.77208,58.43398,45.81116,18.36592,17.54312,17.22968,16.39513,14.56344,FALSE,FALSE,FALSE,FALSE,FALSE,
0,5.226793,667.3117,595.9705,642.3259,647.8269,578.2799,-35.94548,89.03259,-10.5562,-46.71443,87.81256,4.347009,-40.5981,80.15321,6.968169,-25.51739,77.22635,10.48403,-9.894857,82.33902,16.32029,-37.51778,93.6184,-3.477793,-46.63487,107.5798,0.6521633,-36.47609,96.10239,-2.203221,-20.37682,90.717,7.04343,-8.41373,93.6973,29.54114,0.09076218,-0.3714209,-0.9240177,-0.2660896,-0.8151659,0.514491,-0.4628163,-0.7324779,0.4992766,-0.5924553,-0.7017406,0.3956726,-0.7448651,-0.5808771,0.3282649,47.2674,53.33599,60.77208,58.43398,45.81116,18.36592,17.54312,17.22968,16.39513,14.56344,FALSE,FALSE,FALSE,FALSE,FALSE,
0,5.244898,718.6271,754.8484,891.3596,840.35,655.6149,-28.58035,88.74616,-25.43366,-40.71704,85.60139,-12.28274,-33.38557,78.98652,-13.01838,-18.44029,76.44755,-7.316791,-4.940606,81.65215,2.969962,-33.44191,90.31376,-14.0373,-46.33134,106.0774,0.1617687,-36.37032,94.70287,-2.712564,-20.36227,89.30379,6.055587,-8.060785,91.61053,25.54916,0.2268696,-0.2582473,-0.9390625,-0.2444946,-0.891027,0.3824832,-0.4472174,-0.8465525,0.2886963,-0.5598717,-0.808053,0.1832869,-0.719949,-0.6766417,0.1543679,47.2674,53.33599,60.77208,58.43398,45.81116,18.36592,17.54312,17.22968,16.39513,14.56344,FALSE,FALSE,FALSE,FALSE,FALSE,
3,5.262947,875.9197,977.4647,1287.301,1195.295,864.8604,-56.08993,89.19847,17.17908,-34.94744,144.1345,-40.07559,1.452351,136.7494,-51.84119,18.91674,120.4212,-43.8894,37.91882,93.95689,-9.937019,-39.91634,85.53171,-2.728187,-46.16222,105.2845,-0.5852103,-35.97731,93.97733,-3.680409,-19.67647,88.31002,4.805329,-2.636128,88.00462,19.97842,-0.2427056,-0.3692376,-0.8970828,-0.1679155,-0.655858,-0.7359719,-0.1427801,-0.679732,-0.7194291,-0.1499039,-0.7270339,-0.6700377,-0.2772183,-0.8509093,-0.44621,47.2674,53.33599,60.77208,58.43398,45.81116,18.36592,17.54312,17.22968,16.39513,14.56344,FALSE,TRUE,TRUE,TRUE,FALSE,
5,5.281143,750.012,908.9874,1190.12,1129.758,761.53,-56.3224,84.95719,28.37473,-42.6042,140.4534,-36.74593,0.6969152,134.2664,-49.64234,23.29638,120.8169,-40.91546,40.44807,92.71186,-5.475392,-44.598,84.05894,7.494598,-45.97547,105.6261,-2.51727,-33.91314,94.73481,-6.879548,-15.98419,89.09052,0.2483115,8.852069,86.40853,12.89324,-0.317593,-0.4101204,-0.8549479,-0.1774712,-0.1878735,-0.9660267,0.04702793,-0.2790906,-0.9591125,0.06130043,-0.3954916,-0.9164217,-0.01177761,-0.7661772,-0.6425214,47.2674,53.33599,60.77208,58.43398,45.81116,18.36592,17.54312,17.22968,16.39513,14.56344,TRUE,TRUE,TRUE,TRUE,TRUE,
5,5.299076,479.0393,773.1794,993.3592,928.8126,587.363,-56.92215,84.64428,30.5844,-45.16322,139.916,-35.26674,2.59099,136.9543,-47.96337,26.97753,121.9678,-39.2308,42.25289,92.69874,-4.760964,-47.12459,83.61774,12.91242,-45.81028,108.27,-6.651299,-29.26943,98.67719,-12.77015,-8.90435,93.01914,-6.911444,22.43737,87.31364,5.674682,-0.3540234,-0.403814,-0.8435649,-0.2109908,0.044528,-0.9764733,0.1163463,-0.03874813,-0.9924526,0.1621143,-0.2023035,-0.9658117,0.1066722,-0.6735243,-0.7314274,47.2674,53.33599,60.77208,58.43398,45.81116,18.36592,17.54312,17.22968,16.39513,14.56344,TRUE,TRUE,TRUE,TRUE,TRUE,
5,5.317127,299.3192,571.254,717.6915,683.4475,441.0226,-57.65659,84.09261,31.30215,-46.35902,140.8515,-34.27793,3.914876,138.3665,-47.20719,29.71287,123.2665,-38.31945,44.26598,93.42802,-5.228838,-48.97208,83.47461,16.29346,-45.91762,115.1222,-13.78666,-20.96278,107.5176,-21.98293,2.283344,100.7746,-16.53471,34.05584,89.76537,-0.2549486,-0.3823163,-0.3938236,-0.8359051,-0.2378528,0.1645751,-0.957257,0.1484377,0.08153961,-0.9855545,0.2216349,-0.1003233,-0.9699553,0.1819696,-0.595893,-0.7821755,47.2674,53.33599,60.77208,58.43398,45.81116,18.36592,17.54312,17.22968,16.39513,14.56344,TRUE,TRUE,TRUE,TRUE,TRUE,
5,5.326266,238.8065,468.3581,585.7208,568.3182,381.9846,-58.05511,83.74419,31.6305,-46.55372,141.1082,-33.96152,4.43031,138.6788,-46.95597,30.8545,123.589,-37.94673,45.40245,93.91529,-5.503209,-49.84186,83.43698,17.70483,-46.12531,120.0175,-18.03253,-15.75389,113.4955,-27.29082,8.925035,105.6505,-21.57138,38.54626,91.18439,-2.430732,-0.3948527,-0.3907388,-0.8315134,-0.2456124,0.1997446,-0.9485655,0.1578149,0.1158212,-0.9806528,0.243852,-0.07096681,-0.9672124,0.2123639,-0.5632568,-0.7985257,47.2674,53.33599,60.77208,58.43398,45.81116,18.36592,17.54312,17.22968,16.39513,14.56344,TRUE,TRUE,TRUE,TRUE,TRUE,
5,5.344303,173.9773,289.0495,367.0313,383.1364,299.9331,-59.16534,83.41549,32.30984,-46.61039,141.4752,-33.62271,5.246664,139.175,-46.60903,32.73788,124.2925,-37.32953,47.61746,95.2176,-6.090364,-51.49785,83.33941,20.21925,-46.57014,129.9084,-25.69041,-5.708142,125.3494,-36.76718,21.32391,114.8771,-29.78708,44.9782,93.90435,-5.242085,-0.418945,-0.3860573,-0.8218545,-0.2519033,0.2325498,-0.9393963,0.1684409,0.1507618,-0.9741142,0.2740592,-0.03524834,-0.9610667,0.2661047,-0.5011515,-0.8234291,47.2674,53.33599,60.77208,58.43398,45.81116,18.36592,17.54312,17.22968,16.39513,14.56344,TRUE,TRUE,TRUE,TRUE,TRUE,
5,5.344303,173.9773,289.0495,367.0313,383.1364,299.9331,-59.16534,83.41549,32.30984,-46.61039,141.4752,-33.62271,5.246664,139.175,-46.60903,32.73788,124.2925,-37.32953,47.61746,95.2176,-6.090364,-51.49785,83.33941,20.21925,-46.57014,129.9084,-25.69041,-5.708142,125.3494,-36.76718,21.32391,114.8771,-29.78708,44.9782,93.90435,-5.242085,-0.418945,-0.3860573,-0.8218545,-0.2519033,0.2325498,-0.9393963,0.1684409,0.1507618,-0.9741142,0.2740592,-0.03524834,-0.9610667,0.2661047,-0.5011515,-0.8234291,47.2674,53.33599,60.77208,58.43398,45.81116,18.36592,17.54312,17.22968,16.39513,14.56344,TRUE,TRUE,TRUE,TRUE,TRUE,
5,5.380509,84.60587,90.67177,129.9467,161.8417,176.3312,-60.67519,83.31049,32.85894,-45.22221,141.4872,-33.7608,6.874992,139.1294,-46.35806,35.32996,124.5884,-36.65381,51.05249,96.81151,-6.670617,-56.25565,83.33208,26.23959,-45.82742,140.4043,-33.1781,5.758327,138.0333,-45.70069,34.92601,124.3191,-36.11999,51.72891,97.62934,-7.252178,-0.4488669,-0.3737431,-0.8116862,-0.2424519,0.2514217,-0.9370188,0.1792793,0.1736176,-0.9683573,0.3017474,-0.004914272,-0.9533752,0.3299236,-0.4210422,-0.8449106,47.2674,53.33599,60.77208,58.43398,45.81116,18.36592,17.54312,17.22968,16.39513,14.56344,TRUE,TRUE,TRUE,TRUE,TRUE,
5,5.398527,61.94602,72.46671,90.25289,137.5825,116.9504,-61.48872,82.72562,32.53689,-43.95084,141.4281,-34.12391,8.007794,138.5715,-46.68636,37.17075,124.4887,-36.88192,52.11998,95.17942,-7.967161,-58.67291,83.13435,28.81783,-44.5288,141.2738,-33.93232,7.586859,138.8704,-46.42525,37.41735,125.2888,-36.53574,53.06295,96.78304,-8.236938,-0.4696188,-0.3578658,-0.8070875,-0.2321784,0.2736804,-0.9333768,0.1849793,0.1959187,-0.9630153,0.3180248,0.03354659,-0.9474887,0.3373254,-0.3972959,-0.8534446,47.2674,53.33599,60.77208,58.43398,45.81116,18.36592,17.54312,17.22968,16.39513,14.56344,TRUE,TRUE,TRUE,TRUE,TRUE,
5,5.416546,63.78743,61.58549,70.9052,112.0358,141.0102,-60.59394,80.75436,31.91462,-43.01008,140.6909,-34.69825,8.823829,138.6515,-47.03355,38.53392,125.2486,-37.13094,54.68605,96.66908,-8.718217,-60.37641,81.94528,30.7727,-43.23091,141.0657,-34.54624,8.774353,139.2347,-46.8214,39.13605,126.2555,-36.80342,55.36481,97.67271,-9.011857,-0.4655824,-0.3649812,-0.8062392,-0.2245048,0.2871684,-0.9311992,0.1882956,0.2138312,-0.9585515,0.3272603,0.05609905,-0.9432675,0.3751976,-0.3531446,-0.8570389,47.2674,53.33599,60.77208,58.43398,45.81116,18.36592,17.54312,17.22968,16.39513,14.56344,TRUE,TRUE,TRUE,TRUE,TRUE,
5,5.434633,49.21025,47.42676,49.03009,88.27591,196.1929,-61.38766,80.52274,32.41444,-42.63706,140.9366,-34.80402,9.056877,138.9819,-46.9649,39.15675,126.1637,-36.86944,57.53867,100.1686,-8.694902,-61.73646,80.84363,32.21951,-42.52707,141.2616,-34.76466,9.229698,139.6751,-46.80483,39.93066,127.3257,-36.60735,58.53634,101.1887,-9.074494,-0.4772708,-0.3676702,-0.7981423,-0.2169013,0.2929038,-0.9312149,0.1920627,0.22212,-0.9559156,0.3357617,0.07333741,-0.9390877,0.4348677,-0.2729205,-0.8581402,47.2674,53.33599,60.77208,58.43398,45.81116,18.36592,17.54312,17.22968,16.39513,14.56344,TRUE,TRUE,TRUE,TRUE,TRUE,
5,5.443741,45.89313,41.20439,39.15456,74.68954,202.039,-61.5798,80.28838,32.50331,-42.47043,140.9638,-34.90232,9.133841,139.0548,-47.02942,39.41076,126.4322,-36.88546,58.82976,101.5891,-8.702726,-62.18911,80.38916,32.674,-42.2854,141.3318,-34.86005,9.325183,139.8253,-46.83983,40.19583,127.6987,-36.58742,60.01641,102.884,-8.9895,-0.4805976,-0.3689542,-0.7955493,-0.2146742,0.2954466,-0.9309276,0.1923221,0.2260054,-0.9549522,0.3381573,0.0801864,-0.9376672,0.458594,-0.2400429,-0.8556114,47.2674,53.33599,60.77208,58.43398,45.81116,18.36592,17.54312,17.22968,16.39513,14.56344,TRUE,TRUE,TRUE,TRUE,TRUE,
5,5.461823,44.75533,32.67602,23.5342,60.01539,190.9259,-62.6625,80.56897,32.89989,-42.28066,141.2602,-35.22389,9.142174,139.11,-47.33652,39.87466,127.0643,-36.98037,60.97242,104.0281,-8.651069,-63.24254,80.16684,33.36507,-42.00272,141.5688,-35.1498,9.329513,139.9601,-47.09335,40.67281,128.4827,-36.63691,62.4521,105.7225,-8.729579,-0.494632,-0.3683554,-0.7871807,-0.2109409,0.2964917,-0.9314486,0.1923069,0.2286881,-0.9543164,0.3447109,0.09530155,-0.9338587,0.5000558,-0.1822249,-0.846604,47.2674,53.33599,60.77208,58.43398,45.81116,18.36592,17.54312,17.22968,16.39513,14.56344,TRUE,TRUE,TRUE,TRUE,TRUE,
5,5.479934,50.68427,41.36159,36.52279,41.01777,127.7076,-63.76757,80.53609,32.41701,-42.25989,141.6677,-36.19212,8.873458,139.1285,-48.44683,39.95104,126.8998,-38.10483,62.09296,104.5882,-9.628034,-64.35162,79.93982,33.28444,-41.93668,141.8037,-35.80093,9.099255,139.9834,-47.79703,40.77932,128.3636,-37.56041,63.73436,106.3988,-9.412181,-0.5065759,-0.3664351,-0.7804525,-0.2090352,0.3022167,-0.9300373,0.1890012,0.2334297,-0.9538287,0.3468096,0.1005932,-0.9325256,0.5220038,-0.1569473,-0.8383791,47.2674,53.33599,60.77208,58.43398,45.81116,18.36592,17.54312,17.22968,16.39513,14.56344,TRUE,TRUE,TRUE,TRUE,TRUE,
5,5.498013,38.13948,58.84903,68.30014,64.8347,82.22505,-64.37072,80.82304,32.0926,-42.30348,141.7871,-37.62957,8.381242,138.822,-50.19173,39.73949,126.4259,-39.93336,62.53193,104.2671,-11.29916,-64.98265,79.86359,32.95446,-41.94507,141.9027,-36.57301,8.821383,139.9179,-48.64518,40.67978,128.1177,-38.69908,64.1941,105.9989,-10.81109,-0.5156804,-0.3748497,-0.7704294,-0.210785,0.2933881,-0.9324661,0.1808858,0.2266037,-0.9570429,0.3424815,0.09461739,-0.9347481,0.5274729,-0.1595559,-0.8344545,47.2674,53.33599,60.77208,58.43398,45.81116,18.36592,17.54312,17.22968,16.39513,14.56344,TRUE,TRUE,TRUE,TRUE,TRUE,
5,5.51603,24.84693,128.2483,145.852,136.0258,109.0262,-64.46342,81.38042,31.46823,-42.04049,140.5456,-40.70611,7.80748,136.755,-53.36145,39.22168,124.2282,-42.95584,62.01031,102.2245,-13.88109,-64.71934,79.85996,32.42524,-41.89125,141.5606,-37.5802,8.532668,139.3861,-49.76136,40.45327,127.3279,-40.08566,63.94042,104.6891,-12.55678,-0.5096425,-0.4077116,-0.7576514,-0.2079515,0.2469437,-0.9464539,0.1721227,0.1869295,-0.9671769,0.3351269,0.06253944,-0.9400951,0.5192372,-0.1937893,-0.8323691,47.2674,53.33599,60.77208,58.43398,45.81116,18.36592,17.54312,17.22968,16.39513,14.56344,TRUE,TRUE,TRUE,TRUE,TRUE,
5,5.534073,87.4304,191.0062,312.6587,285.3035,237.6355,-62.13055,82.56627,31.90443,-41.38182,137.7486,-44.28309,6.942399,129.5406,-57.27391,37.59642,117.5182,-46.54702,60.04449,96.03109,-16.43811,-62.79291,80.56182,32.17931,-41.74004,140.6393,-38.99188,8.059148,136.9411,-51.7933,39.69631,124.4984,-42.3403,62.72379,100.731,-14.77976,-0.4829223,-0.4762034,-0.734858,-0.2065463,0.1621671,-0.9649044,0.1532497,0.06376731,-0.9861279,0.3033451,-0.0336535,-0.9522863,0.4839295,-0.2839049,-0.8277743,47.2674,53.33599,60.77208,58.43398,45.81116,18.36592,17.54312,17.22968,16.39513,14.56344,TRUE,TRUE,TRUE,TRUE,TRUE,
5,5.543149,143.1224,267.1099,431.7653,418.3241,359.4367,-59.8055,82.426,30.06919,-39.95186,135.6692,-47.67736,7.447279,123.7689,-60.00631,36.76396,111.6134,-48.77878,58.67745,90.70973,-17.70322,-61.17783,80.79964,31.22538,-41.51385,140.0138,-39.92564,7.887602,134.1975,-53.41084,38.92012,121.2996,-44.00357,61.40126,96.63866,-16.08336,-0.4573796,-0.5133213,-0.7261578,-0.1925326,0.1207625,-0.9738314,0.1527146,-0.01481697,-0.9881592,0.2812199,-0.1113856,-0.9531572,0.4536036,-0.3570673,-0.8165457,47.2674,53.33599,60.77208,58.43398,45.81116,18.36592,17.54312,17.22968,16.39513,14.56344,TRUE,TRUE,TRUE,TRUE,TRUE,
5,5.562309,268.1089,1149.248,1643.267,734.9878,652.6853,-52.94334,83.88932,24.5237,-50.35353,88.56615,-6.8498,-32.1308,73.31245,-10.8331,27.84271,93.34888,-51.70504,50.43953,74.86462,-20.9038,-57.51063,82.36687,27.61132,-42.73193,133.805,-40.85493,-0.833878,115.565,-53.97103,33.48326,107.0593,-48.33592,53.8924,81.17672,-19.60934,-0.4345623,-0.5062082,-0.7449221,-0.4356512,-0.483954,-0.7589443,-0.2734866,-0.5953188,-0.7555135,0.1456379,-0.2933938,-0.9448332,0.3163906,-0.4867079,-0.8142558,47.2674,53.33599,60.77208,58.43398,45.81116,18.36592,17.54312,17.22968,16.39513,14.56344,TRUE,TRUE,TRUE,TRUE,TRUE,
2,5.582429,528.111,1273.13,1743.936,1435.704,1211.881,-46.39621,89.29365,12.6519,-47.21453,88.69559,20.67858,-38.69032,79.02142,27.35884,-23.19316,71.31396,-2.009441,-0.09550529,70.47535,3.140201,-55.10748,83.57407,24.41633,-47.62005,119.8463,-32.98036,-24.04303,93.53475,-31.61288,1.946764,85.04421,-39.04657,18.099,69.35412,-16.76418,-0.3357546,-0.3693501,-0.8665156,-0.5076832,-0.8581812,-0.07604439,-0.5920068,-0.7947975,0.1335099,-0.5406237,-0.6928746,-0.4771278,-0.5224637,-0.6971281,-0.4909625,47.2674,53.33599,60.77208,58.43398,45.81116,18.36592,17.54312,17.22968,16.39513,14.56344,FALSE,FALSE,FALSE,TRUE,TRUE,
0,5.600457,608.7485,932.2603,1034.675,910.5369,781.6744,-38.7361,92.30016,3.752766,-42.3855,92.58389,19.87666,-36.10815,83.72276,21.43063,-21.21927,76.3369,-5.158691,-0.7302478,76.786,2.20049,-48.27962,86.83092,15.65762,-48.15617,112.8723,-24.23044,-30.48142,88.54305,-17.51601,-11.91028,79.87002,-26.52224,4.906024,74.19066,-8.902185,-0.186083,-0.3469729,-0.9192295,-0.3561379,-0.8832102,0.305132,-0.5064149,-0.7597569,0.4078154,-0.6269394,-0.7490277,-0.2142534,-0.6966377,-0.6663865,-0.2657532,47.2674,53.33599,60.77208,58.43398,45.81116,18.36592,17.54312,17.22968,16.39513,14.56344,FALSE,FALSE,FALSE,FALSE,FALSE,
0,5.618537,550.8414,588.032,576.1437,597.5793,481.6119,-32.25603,95.45147,-1.892228,-38.2338,96.081,15.12063,-32.23901,87.36996,16.63383,-17.06276,80.11488,-3.33784,2.58788,81.53441,2.385021,-41.94258,89.64382,8.690955,-47.10627,109.9436,-18.97535,-31.42062,87.86617,-11.51872,-14.42931,79.94495,-18.41695,3.807735,79.49615,-3.371006,-0.07377956,-0.327459,-0.9419804,-0.3029779,-0.8502262,0.4304878,-0.4803286,-0.7301698,0.4859387,-0.6480923,-0.7598373,-0.05122101,-0.750578,-0.6428505,-0.152892,47.2674,53.33599,60.77208,58.43398,45.81116,18.36592,17.54312,17.22968,16.39513,14.56344,FALSE,FALSE,FALSE,FALSE,FALSE,
0,5.627635,509.2344,483.4698,468.8979,510.3566,455.964,-28.84321,97.62152,-2.571902,-36.39468,98.19015,14.14521,-30.43783,89.50283,16.05368,-14.4933,82.55586,-2.035418,4.139166,84.28376,5.379468,-38.57867,91.26936,5.94388,-46.43738,109.1018,-16.95024,-31.39576,87.93542,-9.83805,-14.26531,80.55778,-15.72399,4.220903,81.74808,-0.03731903,-0.001562821,-0.3140002,-0.9494216,-0.3037031,-0.8467746,0.4367347,-0.4869112,-0.7295806,0.480239,-0.6448297,-0.763541,-0.03463865,-0.7596377,-0.6377035,-0.1276117,47.2674,53.33599,60.77208,58.43398,45.81116,18.36592,17.54312,17.22968,16.39513,14.56344,FALSE,FALSE,FALSE,FALSE,FALSE,
0,5.65469,268.7537,252.0963,265.6629,377.991,337.5265,-25.18056,99.96187,-2.150896,-34.31027,100.4641,14.18687,-28.59505,91.64738,17.1143,-12.90532,84.26134,2.706807,4.721927,86.47726,10.69782,-29.79026,95.93361,0.5865511,-44.36954,107.3566,-11.63016,-31.14161,88.28893,-6.704944,-13.86461,81.58401,-10.89127,4.378236,84.68107,6.413558,0.06729352,-0.3003687,-0.9514464,-0.320763,-0.8387874,0.4399395,-0.5019295,-0.7154004,0.4860752,-0.6604824,-0.749119,0.05083089,-0.7887222,-0.6127383,-0.0496897,47.2674,53.33599,60.77208,58.43398,45.81116,18.36592,17.54312,17.22968,16.39513,14.56344,FALSE,FALSE,FALSE,FALSE,FALSE,
0,5.663787,207.7242,202.0091,214.1745,337.2962,297.3238,-24.6386,100.1428,-1.83745,-33.96091,100.6031,14.4452,-28.2637,91.79229,17.5151,-12.86498,84.23965,4.244879,4.576233,86.63927,12.14096,-27.62001,97.09696,-0.3087604,-43.68904,106.8793,-9.973454,-31.06128,88.38541,-5.99532,-13.82766,81.71983,-9.973992,4.268731,85.04343,7.743035,0.07699392,-0.2987201,-0.9512299,-0.3217072,-0.8380373,0.440679,-0.5031451,-0.7142912,0.4864495,-0.6620924,-0.7456704,0.07489436,-0.7935295,-0.6079227,-0.02721968,47.2674,53.33599,60.77208,58.43398,45.81116,18.36592,17.54312,17.22968,16.39513,14.56344,FALSE,FALSE,FALSE,FALSE,FALSE,
0,5.681974,129.4767,138.0367,152.3302,309.2413,251.3648,-23.46814,99.86044,-1.030543,-33.14109,100.215,15.10449,-27.4397,91.45557,18.57767,-12.87424,83.52964,8.375802,4.371363,86.51229,15.45009,-24.36502,98.37658,-0.9079747,-42.36109,105.9795,-6.859277,-30.91025,88.52271,-4.874761,-13.80243,81.83463,-8.675342,4.076325,85.38529,9.786665,0.0986229,-0.2973689,-0.9496554,-0.3202397,-0.838551,0.4407707,-0.5021584,-0.7136527,0.4884023,-0.6605108,-0.7388739,0.1333819,-0.7987998,-0.6013489,0.01727454,47.2674,53.33599,60.77208,58.43398,45.81116,18.36592,17.54312,17.22968,16.39513,14.56344,FALSE,FALSE,FALSE,FALSE,FALSE,
0,5.69989,80.84698,90.76566,102.2857,288.6475,209.5778,-22.76493,99.21675,-0.6415854,-32.66002,99.58272,15.38705,-26.93331,90.90285,19.14857,-13.23814,82.74979,12.43913,3.899806,86.18568,18.08885,-22.58514,98.447,-0.7514337,-41.09159,105.1027,-4.008335,-30.77693,88.60461,-4.031126,-13.80379,81.86087,-7.877136,3.925338,85.48605,11.10193,0.1145487,-0.3041162,-0.945723,-0.3161692,-0.8365223,0.4475126,-0.4995676,-0.711935,0.493539,-0.6560433,-0.7270983,0.2023248,-0.8008259,-0.5956471,0.06230904,47.2674,53.33599,60.77208,58.43398,45.81116,18.36592,17.54312,17.22968,16.39513,14.56344,FALSE,FALSE,FALSE,FALSE,FALSE,
0,5.717968,52.72973,61.06997,69.85533,384.9266,263.253,-22.26376,98.58593,-0.5743731,-32.2947,98.92687,15.36112,-26.57493,90.29007,19.41509,-13.50752,83.96571,21.74114,2.877689,86.4267,22.77494,-21.81762,98.02372,-0.6355263,-39.74072,104.1123,-1.084895,-30.65015,88.6572,-3.286289,-13.81472,81.88541,-7.313149,3.756458,85.53964,12.11093,0.1288056,-0.3115731,-0.9414517,-0.3130498,-0.8343166,0.4537794,-0.4976082,-0.709625,0.498817,-0.6418261,-0.66757,0.3773719,-0.8053342,-0.562707,0.1865416,47.2674,53.33599,60.77208,58.43398,45.81116,18.36592,17.54312,17.22968,16.39513,14.56344,FALSE,FALSE,FALSE,FALSE,FALSE,
0,5.72706,43.7725,52.68393,76.45396,356.981,285.8152,-22.02998,98.355,-0.5538387,-32.11511,98.62639,15.34617,-26.51685,89.87537,19.94725,-13.42248,84.24617,23.98595,2.59121,86.98672,25.65924,-21.5837,97.85051,-0.6095887,-38.94193,103.5021,0.5832527,-30.58848,88.67209,-2.919207,-13.81587,81.8988,-7.116611,3.693048,85.58425,12.55184,0.1355542,-0.3134878,-0.9398673,-0.3113025,-0.8339827,0.4555915,-0.4949908,-0.7056693,0.5069664,-0.6331074,-0.6462803,0.4260244,-0.8019542,-0.5364885,0.2627728,47.2674,53.33599,60.77208,58.43398,45.81116,18.36592,17.54312,17.22968,16.39513,14.56344,FALSE,FALSE,FALSE,FALSE,FALSE,
0,5.74516,26.5385,37.27308,98.17246,265.3741,239.7772,-21.74347,98.15609,-0.5622584,-31.88052,98.25752,15.29797,-26.52061,89.35981,21.54498,-13.5225,84.44686,26.83009,2.314092,87.62577,29.06413,-21.34199,97.75452,-0.6147834,-37.09974,102.0575,4.323245,-30.49428,88.68436,-2.313799,-13.8173,81.91711,-6.858252,3.613643,85.66278,13.19723,0.1446949,-0.315341,-0.9378824,-0.3086762,-0.833349,0.4585285,-0.4867494,-0.690506,0.5350481,-0.6229916,-0.6206221,0.4761404,-0.7884164,-0.5076569,0.347396,47.2674,53.33599,60.77208,58.43398,45.81116,18.36592,17.54312,17.22968,16.39513,14.56344,FALSE,FALSE,FALSE,FALSE,FALSE,
0,5.76325,18.05191,23.79673,107.9317,198.6952,174.2621,-21.5666,98.34093,-0.6254777,-31.73928,98.16402,15.23848,-26.61304,89.12351,23.26759,-13.66085,84.77922,29.00944,2.131102,88.0202,30.9897,-21.24542,98.08942,-0.6912323,-35.18276,100.5581,8.103004,-30.43954,88.68743,-1.917856,-13.81835,81.92855,-6.710929,3.568792,85.71524,13.59416,0.1511152,-0.31376,-0.9374,-0.3066815,-0.8335221,0.4595512,-0.4777711,-0.6754825,0.5616567,-0.6146187,-0.600076,0.5120085,-0.7767454,-0.4939477,0.3907456,47.2674,53.33599,60.77208,58.43398,45.81116,18.36592,17.54312,17.22968,16.39513,14.56344,FALSE,FALSE,FALSE,FALSE,FALSE,
0,5.781291,22.2675,16.70204,114.5616,165.9969,139.3944,-21.24516,98.54424,-0.6783921,-31.57977,98.097,15.17059,-26.6601,89.00228,25.19926,-13.82437,85.10868,31.22199,1.935627,88.3659,32.83802,-20.96985,98.46401,-0.7548984,-33.51273,99.28993,11.22946,-30.41044,88.68813,-1.684374,-13.81924,81.93571,-6.623883,3.542228,85.74919,13.84047,0.1590704,-0.3121885,-0.9366082,-0.3051738,-0.8335786,0.4604515,-0.4681343,-0.6580976,0.5897099,-0.6057981,-0.5793828,0.5452743,-0.7648484,-0.4804247,0.4291842,47.2674,53.33599,60.77208,58.43398,45.81116,18.36592,17.54312,17.22968,16.39513,14.56344,FALSE,FALSE,FALSE,FALSE,FALSE,
0,5.799359,33.96703,78.93494,81.61275,116.9819,110.142,-20.67497,98.91753,-0.8677174,-31.24807,97.84589,16.62775,-26.43484,88.97915,26.05002,-13.68433,85.37001,32.39957,1.940301,88.76414,34.37457,-20.46502,98.93266,-0.9009972,-32.45476,98.45813,13.59172,-30.39457,88.68843,-1.555325,-13.81971,81.94036,-6.570054,3.525956,85.77197,13.99898,0.167917,-0.3072306,-0.9367034,-0.2935439,-0.8144044,0.5005771,-0.4638148,-0.6516861,0.6001509,-0.600684,-0.5702441,0.5603574,-0.7543252,-0.4690923,0.4592885,47.2674,53.33599,60.77208,58.43398,45.81116,18.36592,17.54312,17.22968,16.39513,14.56344,FALSE,FALSE,FALSE,FALSE,FALSE,
0,5.817383,45.27805,157.0235,49.34883,78.49619,74.40598,-19.98789,99.45534,-1.170146,-30.7907,97.42922,20.17129,-26.04395,89.01495,26.28486,-13.38888,85.62462,33.09612,2.179573,89.06837,35.10499,-19.83196,99.56941,-1.176306,-32.0263,98.02587,15.73933,-30.38318,88.68879,-1.471683,-13.81975,81.94399,-6.530496,3.516608,85.78835,14.10668,0.1773053,-0.3000915,-0.9372875,-0.2710853,-0.7742303,0.5719092,-0.4612102,-0.6513498,0.6025186,-0.5970131,-0.5657285,0.568794,-0.7476836,-0.4669135,0.4721875,47.2674,53.33599,60.77208,58.43398,45.81116,18.36592,17.54312,17.22968,16.39513,14.56344,FALSE,FALSE,FALSE,FALSE,FALSE,
0,5.826471,51.81831,135.5618,41.92402,65.80933,64.66689,-19.62075,99.80996,-1.339536,-30.58006,97.36494,20.79625,-25.86238,89.04423,26.44578,-13.25574,85.74751,33.40408,2.288243,89.22057,35.46756,-19.48552,99.96549,-1.334114,-31.88898,97.91398,16.40407,-30.37651,88.68908,-1.425731,-13.81966,81.94594,-6.510128,3.513032,85.79578,14.15369,0.1822259,-0.295767,-0.9377183,-0.2668454,-0.7674074,0.5829918,-0.459826,-0.6503453,0.6046578,-0.5956878,-0.5633034,0.5725779,-0.7446005,-0.4647457,0.4791467,47.2674,53.33599,60.77208,58.43398,45.81116,18.36592,17.54312,17.22968,16.39513,14.56344,FALSE,FALSE,FALSE,FALSE,FALSE,
0,5.844545,69.92396,78.61702,28.40355,32.1121,35.06943,-18.96821,100.9179,-2.05034,-29.94558,97.39622,20.98695,-25.20947,89.18954,26.04925,-12.58672,85.94453,32.83604,2.875063,89.53761,35.2108,-18.99494,101.0592,-1.892929,-31.67705,97.79004,17.20626,-30.30641,88.69371,-1.006407,-13.81564,81.96733,-6.297477,3.502085,85.8295,14.35146,0.1887159,-0.282084,-0.940646,-0.2611232,-0.7649115,0.5888337,-0.4573641,-0.6549903,0.601503,-0.5942907,-0.5702446,0.5671328,-0.7422267,-0.4704431,0.477266,47.2674,53.33599,60.77208,58.43398,45.81116,18.36592,17.54312,17.22968,16.39513,14.56344,FALSE,FALSE,FALSE,FALSE,FALSE,
0,5.863074,104.731,46.31136,51.40765,52.71449,45.04078,-18.98213,102.696,-3.610357,-28.87312,97.02061,19.98985,-24.02101,88.93426,25.05795,-11.36697,85.92553,31.82206,4.003509,89.77483,34.32072,-19.14579,102.7265,-3.183211,-31.23882,97.60214,17.96086,-29.85653,88.70493,1.120534,-13.72523,82.16428,-4.390387,3.489174,86.10188,15.79706,0.1880344,-0.2585885,-0.9475099,-0.2503952,-0.7715986,0.5847545,-0.4487068,-0.6645641,0.5975088,-0.5883372,-0.5843552,0.558917,-0.7362788,-0.4850019,0.4718758,47.2674,53.33599,60.77208,58.43398,45.81116,18.36592,17.54312,17.22968,16.39513,14.56344,FALSE,FALSE,FALSE,FALSE,FALSE,
0,5.884171,214.2746,174.8369,166.9981,184.8062,161.6605,-22.96609,98.58916,-7.579951,-28.661,91.73331,17.45735,-23.27656,84.14567,22.60107,-10.19057,81.81268,28.36963,5.117443,86.43659,30.41053,-21.74828,102.0175,-5.781163,-30.27805,96.02811,18.55992,-28.73551,88.19156,5.314007,-13.42225,82.31258,-0.9080888,3.625439,86.43712,18.53005,0.1124585,-0.2802001,-0.9533315,-0.1936377,-0.7472162,0.6357455,-0.3949259,-0.6459492,0.6532865,-0.5451937,-0.5859432,0.5995285,-0.6955176,-0.4840888,0.5309551,47.2674,53.33599,60.77208,58.43398,45.81116,18.36592,17.54312,17.22968,16.39513,14.56344,FALSE,FALSE,FALSE,FALSE,FALSE,
0,5.895263,280.7599,156.6341,141.7483,160.0542,185.2196,-28.43476,97.37477,-6.89794,-31.18094,90.37653,18.81374,-25.54029,82.76974,23.56514,-12.06348,80.22025,28.16737,3.471379,84.51399,28.70131,-26.87639,99.83282,-6.769779,-30.52682,94.18375,19.04681,-28.18589,87.23848,8.723559,-13.32176,82.15028,1.496377,3.594948,86.29704,19.4975,0.01297967,-0.2907035,-0.9567251,-0.1531471,-0.7333832,0.6623406,-0.3502823,-0.6272596,0.6955917,-0.5040396,-0.56572,0.6526139,-0.6602604,-0.4656051,0.5892946,47.2674,53.33599,60.77208,58.43398,45.81116,18.36592,17.54312,17.22968,16.39513,14.56344,FALSE,FALSE,FALSE,FALSE,FALSE,
0,5.917714,302.8062,141.707,198.5807,220.0058,282.8307,-34.96935,98.55556,-9.673679,-34.64409,90.63348,16.92244,-29.9118,82.48528,20.02876,-16.45783,78.57246,24.45412,-0.5523193,81.0779,23.82223,-35.10473,99.54482,-9.136002,-32.5047,91.56623,19.02924,-28.30378,85.25332,14.20954,-13.64773,81.56207,6.524228,3.186579,85.75362,20.55298,-0.09765397,-0.2822142,-0.9543683,-0.1905434,-0.7032507,0.6849319,-0.3903676,-0.5947549,0.7027658,-0.529286,-0.5061157,0.6809576,-0.6866056,-0.3965961,0.609331,47.2674,53.33599,60.77208,58.43398,45.81116,18.36592,17.54312,17.22968,16.39513,14.56344,FALSE,FALSE,FALSE,FALSE,FALSE,
0,5.928883,396.8524,285.1584,399.6458,444.5538,552.7286,-37.80597,99.63726,-17.312,-35.72408,89.6062,9.458139,-31.38977,81.22181,10.62727,-17.81446,76.58524,14.01691,-1.890346,78.58188,11.85539,-37.72828,100.2853,-14.15201,-33.43932,90.80764,16.45872,-28.8436,84.53065,13.67853,-14.00762,81.1356,7.227953,2.880002,85.32967,20.05126,-0.1638972,-0.2093732,-0.9640024,-0.1639304,-0.7367302,0.6560149,-0.3706999,-0.6350612,0.6777012,-0.5056496,-0.5392745,0.6734253,-0.6773065,-0.4306323,0.5964996,47.2674,53.33599,60.77208,58.43398,45.81116,18.36592,17.54312,17.22968,16.39513,14.56344,FALSE,FALSE,FALSE,FALSE,FALSE,
1,5.950808,454.7697,1192.486,1417.973,1354.398,912.0359,-54.83861,95.91592,0.3348262,-21.85904,113.3553,-46.68005,8.159883,99.98827,-51.54201,23.08997,91.09364,-41.1455,38.49005,80.01501,-10.11264,-46.82007,96.33401,-6.211853,-31.60393,89.15543,2.461105,-26.04125,82.73091,5.416981,-12.18213,79.64369,4.034262,4.884457,84.06586,17.28837,-0.3290002,-0.05197553,-0.9428984,-0.1434831,-0.828051,-0.5419816,-0.2334559,-0.8313521,-0.5043333,-0.2577247,-0.7979862,-0.5447899,-0.4175121,-0.7940475,-0.4417829,47.2674,53.33599,60.77208,58.43398,45.81116,18.36592,17.54312,17.22968,16.39513,14.56344,TRUE,FALSE,FALSE,FALSE,FALSE,
2,5.960865,665.1414,1189.702,1536.363,1492.939,1175.917,-58.67017,89.998,7.799644,-27.75777,133.8692,-45.53525,15.88478,128.9596,-52.39572,36.84639,116.8115,-42.93898,62.88019,88.83136,-13.35802,-51.88634,92.06264,0.408193,-31.30956,90.63792,-2.456368,-23.90475,83.52414,1.163183,-10.39456,79.86919,1.681925,4.884457,84.06586,17.28837,-0.4286751,-0.1957068,-0.8820071,-0.2347409,-0.6261787,-0.7435032,-0.1428214,-0.6539711,-0.7429158,-0.129348,-0.6528842,-0.7463319,-0.1081398,-0.7547393,-0.6470505,47.2674,53.33599,60.77208,58.43398,45.81116,18.36592,17.54312,17.22968,16.39513,14.56344,TRUE,FALSE,FALSE,TRUE,FALSE,
5,5.978928,579.77,945.7924,1223.362,1208.245,1036.672,-63.06301,89.76984,12.72762,-31.07714,134.0279,-48.14844,16.81525,127.3682,-58.20855,38.92836,117.6402,-47.34914,70.10526,86.98194,-16.91236,-58.79855,89.91131,7.870356,-31.39369,94.95611,-10.12107,-19.55012,86.6273,-6.671274,-5.986058,81.79482,-3.630262,15.48566,82.60839,10.231,-0.5299483,-0.2330648,-0.8153745,-0.3092248,-0.3677625,-0.877001,-0.03617824,-0.4164915,-0.9084195,-0.001009468,-0.4409882,-0.8975124,0.2332435,-0.6254607,-0.744578,47.2674,53.33599,60.77208,58.43398,45.81116,18.36592,17.54312,17.22968,16.39513,14.56344,TRUE,TRUE,TRUE,TRUE,TRUE,
5,5.997012,473.3518,613.0242,820.1289,843.472,709.8738,-67.12282,92.51801,16.01334,-32.93533,131.2231,-48.2082,15.88562,124.9094,-59.1916,39.16296,116.7064,-48.58572,70.17876,84.6022,-17.22896,-64.16071,91.56715,12.58507,-31.8101,100.7644,-17.7516,-14.21434,91.5426,-15.47547,0.5071637,85.87714,-10.82066,31.08556,81.71294,1.489442,-0.5979763,-0.2022891,-0.7755666,-0.3342017,-0.2588713,-0.9062532,0.01291345,-0.2904693,-0.9567972,0.06746367,-0.3063637,-0.9495209,0.3730884,-0.5453757,-0.75058,47.2674,53.33599,60.77208,58.43398,45.81116,18.36592,17.54312,17.22968,16.39513,14.56344,TRUE,TRUE,TRUE,TRUE,TRUE,
5,6.015091,369.3326,359.0298,515.3217,560.5406,437.716,-69.84104,94.41494,18.44011,-34.14988,130.2577,-47.63397,14.87959,124.6097,-59.09126,40.24726,116.3744,-48.38868,70.1796,83.99261,-16.78621,-67.94543,93.69161,15.87104,-32.52493,107.7333,-25.80578,-7.768084,98.37743,-25.67796,9.772265,92.41845,-20.10971,47.62188,81.8007,-6.701945,-0.6323951,-0.1741398,-0.754819,-0.3442436,-0.2113194,-0.9147899,0.03229526,-0.2174498,-0.9755371,0.1254402,-0.2319909,-0.9645958,0.4279214,-0.5001339,-0.7528275,47.2674,53.33599,60.77208,58.43398,45.81116,18.36592,17.54312,17.22968,16.39513,14.56344,TRUE,TRUE,TRUE,TRUE,TRUE,
5,6.033114,287.7037,218.828,332.6317,399.8401,279.7434,-71.89323,95.89179,20.48738,-35.01847,130.3841,-46.95024,14.4126,125.8497,-58.69564,42.46215,117.4194,-47.48432,70.71319,84.84623,-16.15856,-70.68027,95.51183,18.4533,-33.5751,115.3227,-33.70024,-0.713778,106.8545,-36.62381,21.80222,101.1138,-30.37449,60.45658,82.94031,-12.21759,-0.6552092,-0.1471543,-0.7409767,-0.3486613,-0.176866,-0.9204096,0.0441578,-0.1644838,-0.9853908,0.1881748,-0.1794458,-0.9656032,0.4602247,-0.4657336,-0.7558343,47.2674,53.33599,60.77208,58.43398,45.81116,18.36592,17.54312,17.22968,16.39513,14.56344,TRUE,TRUE,TRUE,TRUE,TRUE,
5,6.051201,217.4397,151.1162,221.1301,281.1194,214.7657,-73.36534,96.61338,22.30083,-35.61545,130.7698,-46.63574,14.24929,127.0718,-58.41508,44.32527,118.4642,-46.65319,71.78048,86.6172,-15.39836,-72.65255,96.78563,20.61376,-34.77593,122.5251,-40.2911,5.868687,115.6898,-46.61332,33.83022,109.7826,-38.93467,68.27246,85.25007,-14.51645,-0.6693266,-0.1345136,-0.7306901,-0.3470222,-0.1408247,-0.9272238,0.05579612,-0.1274529,-0.990274,0.2310536,-0.149617,-0.9613683,0.4928082,-0.4302581,-0.7563188,47.2674,53.33599,60.77208,58.43398,45.81116,18.36592,17.54312,17.22968,16.39513,14.56344,TRUE,TRUE,TRUE,TRUE,TRUE,
5,6.060274,176.7596,144.5191,188.403,240.3407,208.0879,-73.79931,96.58658,22.81167,-35.76994,131.4276,-46.6374,14.25737,127.782,-58.35213,45.16811,119.0353,-46.33625,72.51722,87.76525,-14.89113,-73.33674,97.11673,21.43192,-35.2895,125.7133,-42.7272,8.53771,119.6726,-50.58602,38.69242,113.3032,-41.82246,70.71906,86.76374,-14.66385,-0.6723963,-0.1321608,-0.7282971,-0.3441688,-0.1139677,-0.9319652,0.06090837,-0.1092533,-0.9921461,0.2483462,-0.135595,-0.959134,0.5099682,-0.4136718,-0.7541937,47.2674,53.33599,60.77208,58.43398,45.81116,18.36592,17.54312,17.22968,16.39513,14.56344,TRUE,TRUE,TRUE,TRUE,TRUE,
5,6.07835,102.2663,122.6567,179.0267,180.7703,207.4449,-74.18526,95.95733,23.2237,-35.95325,132.5866,-46.76909,14.46744,130.1001,-58.40029,46.63395,120.1053,-45.84922,74.00832,90.48985,-13.81878,-74.2104,97.24652,22.52405,-35.96146,130.5557,-45.73114,12.24946,126.533,-55.87086,45.17445,118.0768,-44.77324,73.90898,90.28214,-13.88691,-0.6732935,-0.1320837,-0.7274818,-0.3375085,-0.06907905,-0.9387844,0.074568,-0.0539265,-0.9957567,0.2767562,-0.1102889,-0.9545901,0.5403222,-0.3797468,-0.7508957,47.2674,53.33599,60.77208,58.43398,45.81116,18.36592,17.54312,17.22968,16.39513,14.56344,TRUE,TRUE,TRUE,TRUE,TRUE,
5,6.096434,60.35648,110.1257,156.9852,132.7718,180.8658,-74.34984,95.055,23.17309,-35.93709,133.8922,-47.08789,14.75413,132.0732,-58.48779,47.72401,120.8477,-45.52208,74.97272,92.71186,-12.9929,-74.70335,96.92505,23.11162,-36.11675,133.7435,-47.07922,14.12467,131.3475,-58.16005,48.2708,120.4445,-45.43327,75.477,93.29488,-12.91332,-0.6706894,-0.1355371,-0.7292499,-0.3275371,-0.02313877,-0.944555,0.08755365,-0.007893926,-0.9961285,0.2975117,-0.08970319,-0.9504947,0.5605339,-0.3505096,-0.7502964,47.2674,53.33599,60.77208,58.43398,45.81116,18.36592,17.54312,17.22968,16.39513,14.56344,TRUE,TRUE,TRUE,TRUE,TRUE,
5,6.114549,57.1576,81.2789,88.75607,90.96172,132.9338,-74.45461,93.91066,23.01398,-35.79973,134.4302,-47.71762,14.81853,132.3354,-58.785,48.52171,121.0837,-45.4808,75.50317,93.99881,-12.56277,-75.05768,96.09409,23.48195,-35.93798,135.2985,-47.90853,14.77688,133.2663,-58.99464,49.65027,121.3771,-45.48986,76.14872,95.12044,-12.35136,-0.6662399,-0.1465355,-0.7311988,-0.3155307,0.008416124,-0.948878,0.09420896,0.006618357,-0.9955304,0.3132167,-0.07519418,-0.9467002,0.5729635,-0.3314337,-0.7495763,47.2674,53.33599,60.77208,58.43398,45.81116,18.36592,17.54312,17.22968,16.39513,14.56344,TRUE,TRUE,TRUE,TRUE,TRUE,
5,6.132552,86.43009,44.96677,31.79653,39.90607,77.72782,-74.29824,92.35586,23.01495,-35.69137,133.9772,-48.45834,14.73588,131.619,-59.23692,48.65295,120.4371,-45.69241,75.49142,94.46178,-12.50482,-75.03147,94.29144,23.61747,-35.68185,135.4111,-48.60992,14.87589,133.1048,-59.48001,49.9693,121.0841,-45.67561,76.11611,95.86057,-12.31427,-0.6561925,-0.1724551,-0.7346228,-0.304328,0.0182484,-0.9523925,0.09906428,0.006464714,-0.99506,0.318596,-0.07662978,-0.944788,0.5748499,-0.3237351,-0.7514939,47.2674,53.33599,60.77208,58.43398,45.81116,18.36592,17.54312,17.22968,16.39513,14.56344,TRUE,TRUE,TRUE,TRUE,TRUE,
5,6.150609,152.4994,52.41608,48.16764,38.7601,39.69587,-72.84603,90.08632,22.48826,-35.6007,132.6659,-49.35782,14.64221,129.8566,-59.83759,48.3315,118.8876,-46.07722,74.56974,94.28197,-12.85367,-73.63489,91.27029,23.03742,-35.50443,134.7137,-49.19911,14.87753,131.9302,-59.90591,49.60444,119.6905,-46.05434,74.9605,95.73448,-12.89163,-0.6255628,-0.2190643,-0.748787,-0.2938405,0.006719294,-0.9558309,0.1040536,-0.01226964,-0.994496,0.3170011,-0.09265956,-0.9438879,0.5574273,-0.3294249,-0.7620722,47.2674,53.33599,60.77208,58.43398,45.81116,18.36592,17.54312,17.22968,16.39513,14.56344,TRUE,TRUE,TRUE,TRUE,TRUE,
5,6.159744,238.7417,67.14071,94.79053,66.54137,78.33318,-69.90016,87.39646,21.17533,-35.55187,131.9335,-49.83242,14.78946,128.3052,-60.12558,47.90583,117.7518,-46.32142,73.26467,93.89191,-13.39235,-71.58673,88.92149,21.97644,-35.39665,134.1935,-49.54255,15.03166,130.5265,-60.16631,49.05496,118.5688,-46.32678,73.5013,95.28781,-13.62098,-0.5856138,-0.260938,-0.7674424,-0.2877905,-0.003312771,-0.9576877,0.1104059,-0.03695457,-0.9931993,0.311368,-0.1061523,-0.9443419,0.531718,-0.3389418,-0.7761407,47.2674,53.33599,60.77208,58.43398,45.81116,18.36592,17.54312,17.22968,16.39513,14.56344,TRUE,TRUE,TRUE,TRUE,TRUE,
5,6.177768,341.2584,74.77176,262.0461,213.4673,280.7233,-60.84135,82.66777,18.26653,-35.43548,131.0071,-50.59721,15.39516,121.7177,-60.18776,45.51733,112.3436,-46.58202,67.13713,89.28477,-14.41526,-65.50462,84.68283,19.37377,-35.14356,133.095,-50.26004,15.81817,124.0047,-60.35458,46.13514,113.1807,-46.74878,67.09574,90.77061,-15.23635,-0.4863393,-0.350796,-0.8002601,-0.2779651,-0.03146757,-0.9600756,0.1240391,-0.1447242,-0.9816666,0.2731894,-0.1795183,-0.9450612,0.4192813,-0.4210115,-0.8043335,47.2674,53.33599,60.77208,58.43398,45.81116,18.36592,17.54312,17.22968,16.39513,14.56344,TRUE,TRUE,TRUE,TRUE,TRUE,
5,6.195816,270.6572,79.77863,340.0738,587.3564,631.1531,-55.98907,83.62456,18.75293,-33.74847,130.7877,-50.59039,15.90972,114.3706,-57.85955,36.96114,96.96947,-42.44356,53.42068,77.05228,-9.11395,-59.71833,84.0691,18.7374,-34.16584,132.0217,-50.73709,16.38433,115.5467,-58.45443,38.45753,98.94572,-43.70883,54.68147,78.42709,-10.99186,-0.3980101,-0.4348412,-0.8077754,-0.2549743,-0.07625268,-0.9639365,0.1267922,-0.2537666,-0.9589193,0.1563503,-0.3896771,-0.9075827,0.2040811,-0.6321465,-0.7474903,47.2674,53.33599,60.77208,58.43398,45.81116,18.36592,17.54312,17.22968,16.39513,14.56344,TRUE,TRUE,TRUE,TRUE,TRUE,
2,6.213913,468.2747,678.2251,875.8624,848.3774,600.0074,-46.6351,88.00446,7.370351,-19.91612,116.0257,-15.32916,-11.32712,89.18774,-12.42328,8.147179,89.5221,-7.309847,23.65729,79.58973,0.7764343,-52.61972,86.43894,10.63982,-30.74088,128.4824,-43.86861,-3.553112,109.0587,-45.95468,14.4371,102.6673,-33.13431,40.81382,87.09129,-15.5718,-0.3580025,-0.2294312,-0.9050942,-0.09110934,-0.6824659,-0.7252168,-0.2049661,-0.750419,-0.628379,-0.2286637,-0.7354359,-0.6378456,-0.05119535,-0.6825623,-0.7290321,47.2674,53.33599,60.77208,58.43398,45.81116,18.36592,17.54312,17.22968,16.39513,14.56344,TRUE,FALSE,FALSE,FALSE,TRUE,
1,6.232213,377.5045,816.9788,931.2886,838.7402,628.8135,-41.83722,91.11018,6.813141,-13.93494,113.6687,-7.815051,-6.678925,90.50565,-7.187992,11.57881,90.40569,-0.1973726,23.81619,80.72706,6.760475,-46.81432,88.89409,7.549792,-24.85266,123.8222,-34.51754,-5.042687,100.513,-29.87317,13.70037,96.79868,-16.91932,32.28336,84.55918,-3.378056,-0.3008657,-0.1694384,-0.9384937,-0.02763355,-0.9040302,-0.4265744,-0.208889,-0.9207564,-0.3295043,-0.2668802,-0.8957965,-0.3554204,-0.207145,-0.7573386,-0.6192973,47.2674,53.33599,60.77208,58.43398,45.81116,18.36592,17.54312,17.22968,16.39513,14.56344,TRUE,FALSE,FALSE,FALSE,FALSE,
1,6.25004,327.5699,608.6761,689.1205,667.0149,541.6572,-39.4933,93.3369,5.276731,-12.77106,113.3033,-5.575632,-5.748181,92.8505,-6.588952,11.9041,91.28297,2.021535,22.71732,81.64168,8.182031,-42.44156,91.24362,5.586975,-21.48325,120.9881,-27.74138,-5.128939,97.67632,-21.69736,13.2514,94.53436,-9.188861,27.00623,83.16707,2.831689,-0.2463683,-0.1511461,-0.9573179,-0.06504976,-0.9680656,-0.2421108,-0.2359008,-0.953419,-0.1879975,-0.312283,-0.9295034,-0.1962209,-0.3121121,-0.7793009,-0.5433932,47.2674,53.33599,60.77208,58.43398,45.81116,18.36592,17.54312,17.22968,16.39513,14.56344,TRUE,FALSE,FALSE,FALSE,FALSE,
0,6.268106,365.8769,458.4377,534.1876,509.7737,430.0495,-34.43028,96.50889,4.202442,-11.98739,113.8334,-2.081298,-5.621722,95.41286,-2.927262,11.57706,92.81709,4.982015,21.09151,82.74915,10.43221,-36.27467,94.03153,4.023333,-19.68398,119.2804,-23.12659,-5.22808,96.86866,-16.85984,12.74713,93.759,-4.607349,23.52281,82.87854,7.168725,-0.1462583,-0.1407518,-0.9791821,-0.1382464,-0.9840143,-0.1122664,-0.2941979,-0.952343,-0.08056274,-0.3787961,-0.9184201,-0.1140967,-0.3945878,-0.7639704,-0.5105386,47.2674,53.33599,60.77208,58.43398,45.81116,18.36592,17.54312,17.22968,16.39513,14.56344,FALSE,FALSE,FALSE,FALSE,FALSE,
0,6.277196,364.317,385.736,477.2202,469.3444,371.6216,-32.18563,98.64823,4.29972,-12.16398,114.8643,-0.4672901,-6.20547,96.98534,-0.9241627,10.74735,93.86651,7.160371,19.969,83.82883,11.31338,-33.11935,96.19551,3.741407,-19.18089,118.8844,-21.57665,-5.34094,96.86174,-15.21157,12.43597,93.74608,-2.873311,22.13998,83.3668,8.677036,-0.1021079,-0.1284707,-0.9864427,-0.1726282,-0.9805952,-0.09291131,-0.3249279,-0.9443962,-0.05037526,-0.4142849,-0.9067354,-0.07873282,-0.4272468,-0.7442768,-0.5133343,47.2674,53.33599,60.77208,58.43398,45.81116,18.36592,17.54312,17.22968,16.39513,14.56344,FALSE,FALSE,FALSE,FALSE,FALSE,
0,6.295268,297.9912,244.0195,375.346,399.8608,267.9536,-29.44149,101.6032,4.278957,-12.10278,116.6799,0.9519909,-7.090128,98.5668,2.561433,9.099958,94.42619,11.39444,18.33243,85.13065,12.61311,-28.70724,99.86409,3.732052,-18.61259,118.543,-19.65659,-5.574794,96.97662,-12.9729,11.81101,93.76657,-0.2332615,19.99667,84.39191,10.79833,-0.04711329,-0.1207397,-0.9915656,-0.2212642,-0.9719152,-0.080144,-0.3702063,-0.9288227,0.01535203,-0.4676034,-0.8839325,0.0032351,-0.4722964,-0.7186456,-0.5103769,47.2674,53.33599,60.77208,58.43398,45.81116,18.36592,17.54312,17.22968,16.39513,14.56344,FALSE,FALSE,FALSE,FALSE,FALSE,
0,6.313404,213.2403,158.7529,360.0967,368.985,203.7496,-28.01342,103.4596,4.470927,-11.75341,117.7899,1.830969,-8.210671,98.39026,7.63396,7.326118,94.09094,16.48202,16.97679,85.49659,14.33205,-26.57707,102.2191,4.022546,-18.29067,118.4262,-18.57009,-5.769571,97.02305,-11.51861,11.26691,93.71418,1.751841,18.40834,84.93156,12.56584,-0.005966804,-0.1289253,-0.9916363,-0.2616131,-0.9624901,-0.07191202,-0.4082106,-0.9054891,0.1159892,-0.5128255,-0.8531606,0.09553585,-0.5010982,-0.701427,-0.5068538,47.2674,53.33599,60.77208,58.43398,45.81116,18.36592,17.54312,17.22968,16.39513,14.56344,FALSE,FALSE,FALSE,FALSE,FALSE,
0,6.331489,140.2537,97.72041,308.6958,301.9955,137.3459,-27.00944,104.029,4.588829,-11.73349,118.1752,2.228789,-9.152182,97.86448,11.7145,5.989299,93.66173,20.18431,16.29784,85.7289,15.11001,-25.41201,103.1126,4.282259,-18.08314,118.3731,-17.85594,-5.917459,97.02257,-10.55971,10.84987,93.65753,3.176865,17.36633,85.26746,13.75464,0.01970808,-0.1379607,-0.9902416,-0.2780175,-0.958289,-0.06624575,-0.4206928,-0.8856844,0.1964195,-0.530098,-0.8316496,0.1653934,-0.5142143,-0.6947874,-0.502846,47.2674,53.33599,60.77208,58.43398,45.81116,18.36592,17.54312,17.22968,16.39513,14.56344,FALSE,FALSE,FALSE,FALSE,FALSE,
0,6.349509,86.98447,59.81398,253.9952,252.0228,93.63975,-26.45964,104.2416,4.693821,-11.79094,118.3223,2.471974,-9.883598,97.36801,15.04449,4.908356,93.24361,23.35901,15.82849,85.86027,15.62214,-24.87083,103.417,4.475396,-17.9344,118.341,-17.33348,-6.01692,97.01164,-9.941188,10.54607,93.60657,4.190878,16.6564,85.4793,14.56372,0.03577764,-0.1452003,-0.9887552,-0.2864349,-0.9560601,-0.06248303,-0.4246054,-0.867582,0.2588664,-0.5374368,-0.8124421,0.2260522,-0.5233136,-0.6917582,-0.4976076,47.2674,53.33599,60.77208,58.43398,45.81116,18.36592,17.54312,17.22968,16.39513,14.56344,FALSE,FALSE,FALSE,FALSE,FALSE,
0,6.367505,58.23223,44.62527,224.7255,185.3174,78.98491,-25.99338,104.38,4.958505,-12.16333,118.6493,2.83233,-10.8042,97.13976,18.31186,3.902828,93.20357,25.31475,15.10451,86.19226,16.25706,-24.44022,103.5714,4.809688,-17.81136,118.321,-16.86836,-6.087186,97.00247,-9.531344,10.31133,93.57047,4.937773,15.99533,85.70222,15.26001,0.05631946,-0.1519603,-0.9867807,-0.2904682,-0.9548209,-0.06281045,-0.4237728,-0.8496878,0.3137632,-0.5407297,-0.8028245,0.2511658,-0.5311679,-0.6898471,-0.4919061,47.2674,53.33599,60.77208,58.43398,45.81116,18.36592,17.54312,17.22968,16.39513,14.56344,FALSE,FALSE,FALSE,FALSE,FALSE,
0,6.376587,49.05838,37.70784,198.2677,186.5421,74.93998,-25.75582,104.4049,5.043683,-12.34413,118.7682,2.911671,-11.20992,97.06783,19.46856,3.232966,92.99794,26.78461,14.68727,86.28421,16.53547,-24.21624,103.6032,4.939692,-17.74266,118.3124,-16.59306,-6.114951,96.99893,-9.376923,10.20508,93.55291,5.262293,15.63927,85.80779,15.60083,0.06607456,-0.1566729,-0.9854379,-0.2932795,-0.9540144,-0.06199687,-0.4243614,-0.8422024,0.3325847,-0.5417879,-0.7931248,0.2782426,-0.5375253,-0.6891413,-0.4859535,47.2674,53.33599,60.77208,58.43398,45.81116,18.36592,17.54312,17.22968,16.39513,14.56344,FALSE,FALSE,FALSE,FALSE,FALSE,
0,6.394719,44.79834,57.00987,182.5964,166.1567,97.50372,-25.47215,104.9324,5.495996,-13.52296,119.7545,3.220662,-13.05335,97.47388,21.93979,1.173889,93.32198,28.84915,12.7091,86.8982,17.14295,-23.82214,104.0144,5.438097,-17.48868,118.3282,-15.30675,-6.17715,96.99574,-9.083188,9.953958,93.52647,5.94524,14.39877,86.17538,16.38975,0.09416989,-0.1701386,-0.9809102,-0.3079243,-0.9493179,-0.06307225,-0.4311668,-0.8236755,0.3683122,-0.5506176,-0.7752414,0.3095499,-0.5600953,-0.6810874,-0.4716071,47.2674,53.33599,60.77208,58.43398,45.81116,18.36592,17.54312,17.22968,16.39513,14.56344,FALSE,FALSE,FALSE,FALSE,FALSE,
0,6.412876,36.02868,55.5902,155.9362,163.0812,94.75109,-25.2448,105.269,5.722317,-14.33591,120.3709,3.327609,-14.40543,97.57175,24.02411,-0.4016439,93.46789,31.0894,11.27381,87.31712,17.65408,-23.61475,104.3765,5.726267,-17.03367,118.4845,-12.24254,-6.262764,96.99372,-8.729317,9.598034,93.50285,6.827421,12.71328,86.66109,17.25235,0.1130233,-0.1806981,-0.977023,-0.3175994,-0.9462037,-0.06187999,-0.4338501,-0.8080735,0.3984863,-0.5536001,-0.7550955,0.3512231,-0.5789476,-0.676733,-0.4548101,47.2674,53.33599,60.77208,58.43398,45.81116,18.36592,17.54312,17.22968,16.39513,14.56344,FALSE,FALSE,FALSE,FALSE,FALSE,
0,6.430922,28.49223,44.36184,127.8609,145.3878,81.19147,-24.99185,105.4825,5.834029,-14.79369,120.7298,3.335701,-15.27003,97.62347,25.57857,-1.538311,93.53491,33.23021,10.29447,87.58672,18.16132,-23.43562,104.6401,5.878013,-16.48241,118.8526,-7.517732,-6.380926,96.99235,-8.271599,9.199846,93.48396,7.79528,11.13532,87.10011,18.09057,0.1280131,-0.1910191,-0.9732031,-0.3247888,-0.9439517,-0.05888574,-0.4353351,-0.7950994,0.4222562,-0.5543755,-0.7356166,0.3892763,-0.5944045,-0.6744829,-0.4378997,47.2674,53.33599,60.77208,58.43398,45.81116,18.36592,17.54312,17.22968,16.39513,14.56344,FALSE,FALSE,FALSE,FALSE,FALSE,
0,6.448893,25.40977,37.05819,111.858,107.4617,63.02695,-24.63646,105.623,5.977419,-15.19345,121.0595,3.358585,-15.98997,97.6763,27.23249,-2.306511,93.71016,34.35176,9.59982,87.87471,18.42902,-23.16048,104.8209,6.026383,-16.09226,119.3919,-2.671359,-6.516808,96.99248,-7.759911,8.773252,93.473,8.807389,9.905898,87.49774,18.71606,0.1434897,-0.2008779,-0.9690505,-0.3300239,-0.942268,-0.05670312,-0.4338052,-0.7818502,0.4477983,-0.5554869,-0.7250335,0.4071372,-0.6041399,-0.6722676,-0.4278684,47.2674,53.33599,60.77208,58.43398,45.81116,18.36592,17.54312,17.22968,16.39513,14.56344,FALSE,FALSE,FALSE,FALSE,FALSE,
0,6.466984,18.90482,30.43415,81.07589,67.57824,49.27348,-24.3358,105.6092,5.967707,-15.60396,121.227,3.212893,-16.59487,97.70222,28.1183,-2.887915,93.85462,34.58969,8.996883,88.06813,18.52695,-22.90339,104.8921,6.096925,-16.03422,119.8899,0.6012779,-6.670552,96.99389,-7.198483,8.209888,93.46856,10.09173,9.013336,87.8136,19.06131,0.1590785,-0.2114395,-0.9643585,-0.3334072,-0.9412512,-0.05372002,-0.4326086,-0.7738692,0.4625758,-0.5574487,-0.7208296,0.4118927,-0.6116616,-0.6714697,-0.4183283,47.2674,53.33599,60.77208,58.43398,45.81116,18.36592,17.54312,17.22968,16.39513,14.56344,FALSE,FALSE,FALSE,FALSE,FALSE,
0,6.485029,22.56913,23.61397,53.59705,43.82412,37.0864,-23.81937,105.4326,5.926165,-15.89749,121.237,2.989501,-17.00845,97.65549,28.472,-3.332748,93.86466,34.70961,8.55443,88.15501,18.59814,-22.51281,104.8332,6.093546,-16.1859,120.1754,2.143567,-6.895887,96.99583,-6.404932,7.252985,93.46413,12.18965,8.380607,88.00542,19.24869,0.1763612,-0.2220515,-0.9589525,-0.3351726,-0.9408055,-0.05044156,-0.4321213,-0.7698232,0.4697269,-0.5587229,-0.7179805,0.4151298,-0.6178228,-0.6718903,-0.408483,47.2674,53.33599,60.77208,58.43398,45.81116,18.36592,17.54312,17.22968,16.39513,14.56344,FALSE,FALSE,FALSE,FALSE,FALSE,
0,6.49442,23.48243,21.03878,44.19917,37.03152,32.26869,-23.56153,105.3684,5.87762,-16.0085,121.2151,2.848941,-17.20748,97.61078,28.62739,-3.557833,93.85278,34.78396,8.356818,88.17445,18.6312,-22.26948,104.8006,6.074786,-16.2801,120.2455,2.470847,-7.06928,96.9965,-5.807467,6.474424,93.45979,13.85191,8.125227,88.06762,19.30949,0.1850707,-0.227368,-0.956061,-0.3362747,-0.9405198,-0.04839263,-0.4323615,-0.7676237,0.4730935,-0.5598453,-0.7160091,0.4170183,-0.620437,-0.6721629,-0.4040483,47.2674,53.33599,60.77208,58.43398,45.81116,18.36592,17.54312,17.22968,16.39513,14.56344,FALSE,FALSE,FALSE,FALSE,FALSE,
0,6.516349,22.36834,14.9022,25.93019,29.8613,23.79476,-23.05962,105.3366,5.840891,-16.17366,121.1715,2.65519,-17.49708,97.53252,28.80723,-3.98804,93.75053,35.17399,8.027628,88.22298,18.79509,-21.76395,104.8276,6.048581,-16.4521,120.3095,2.718087,-7.799006,96.99526,-3.3443,3.928007,93.42776,19.16776,7.693604,88.16566,19.46078,0.2003616,-0.2348891,-0.9511479,-0.3378652,-0.9401028,-0.04531914,-0.4329484,-0.7652972,0.476315,-0.5610375,-0.7114795,0.4231239,-0.6268997,-0.6726372,-0.3931362,47.2674,53.33599,60.77208,58.43398,45.81116,18.36592,17.54312,17.22968,16.39513,14.56344,FALSE,FALSE,FALSE,FALSE,FALSE,
0,6.516349,22.36834,14.9022,25.93019,29.8613,23.79476,-23.05962,105.3366,5.840891,-16.17366,121.1715,2.65519,-17.49708,97.53252,28.80723,-3.98804,93.75053,35.17399,8.027628,88.22298,18.79509,-21.76395,104.8276,6.048581,-16.4521,120.3095,2.718087,-7.799006,96.99526,-3.3443,3.928007,93.42776,19.16776,7.693604,88.16566,19.46078,0.2003616,-0.2348891,-0.9511479,-0.3378652,-0.9401028,-0.04531914,-0.4329484,-0.7652972,0.476315,-0.5610375,-0.7114795,0.4231239,-0.6268997,-0.6726372,-0.3931362,47.2674,53.33599,60.77208,58.43398,45.81116,18.36592,17.54312,17.22968,16.39513,14.56344,FALSE,FALSE,FALSE,FALSE,FALSE,
0,6.516349,22.36834,14.9022,25.93019,29.8613,23.79476,-23.05962,105.3366,5.840891,-16.17366,121.1715,2.65519,-17.49708,97.53252,28.80723,-3.98804,93.75053,35.17399,8.027628,88.22298,18.79509,-21.76395,104.8276,6.048581,-16.4521,120.3095,2.718087,-7.799006,96.99526,-3.3443,3.928007,93.42776,19.16776,7.693604,88.16566,19.46078,0.2003616,-0.2348891,-0.9511479,-0.3378652,-0.9401028,-0.04531914,-0.4329484,-0.7652972,0.476315,-0.5610375,-0.7114795,0.4231239,-0.6268997,-0.6726372,-0.3931362,47.2674,53.33599,60.77208,58.43398,45.81116,18.36592,17.54312,17.22968,16.39513,14.56344,FALSE,FALSE,FALSE,FALSE,FALSE,
0,6.565302,20.8411,13.96064,12.21208,12.40889,13.22296,-22.57178,106.1196,5.488123,-16.07256,121.796,2.303279,-17.72274,98.00622,28.46833,-4.406834,94.05009,35.27458,7.667876,88.67741,18.7177,-21.22184,105.5801,5.755628,-16.49831,120.707,2.617166,-14.67066,97.23621,19.03798,-3.201485,93.52018,33.38469,7.194026,88.5964,19.52326,0.2120892,-0.2364989,-0.9482017,-0.3461734,-0.9369414,-0.04800685,-0.441154,-0.7644821,0.4700534,-0.5679134,-0.7051284,0.4245802,-0.6384708,-0.6663391,-0.3851588,47.2674,53.33599,60.77208,58.43398,45.81116,18.36592,17.54312,17.22968,16.39513,14.56344,FALSE,FALSE,FALSE,FALSE,FALSE,
0,6.578716,31.38136,17.42869,16.13445,16.84068,14.78354,-22.37852,106.598,5.302722,-16.02795,122.0533,2.152725,-17.82253,98.18832,28.32378,-4.64037,94.13949,35.51853,7.533935,88.86977,18.66563,-21.134,105.9437,5.622807,-16.48707,120.8432,2.5535,-15.69571,97.34342,22.15107,-4.121,93.59101,35.05203,7.092161,88.7434,19.49215,0.2157333,-0.2348218,-0.9477963,-0.3495861,-0.9356269,-0.04890657,-0.4446253,-0.764405,0.4668976,-0.570075,-0.700837,0.4287679,-0.6426741,-0.6637468,-0.3826358,47.2674,53.33599,60.77208,58.43398,45.81116,18.36592,17.54312,17.22968,16.39513,14.56344,FALSE,FALSE,FALSE,FALSE,FALSE,
0,6.593008,48.6612,19.9114,19.0681,14.99481,16.3817,-22.34449,107.3634,5.023108,-16.01355,122.3294,1.976797,-17.94493,98.41401,28.16783,-4.795964,94.31215,35.34766,7.381133,89.06953,18.54407,-21.17046,106.5768,5.392223,-16.47488,121.0128,2.464061,-16.45977,97.48519,24.29947,-4.829687,93.73602,36.0387,6.973765,88.91636,19.41313,0.2165104,-0.2299691,-0.9488084,-0.3534683,-0.9341365,-0.04948986,-0.4481613,-0.7634693,0.4650442,-0.5736347,-0.699567,0.426086,-0.6465443,-0.6608669,-0.3810976,47.2674,53.33599,60.77208,58.43398,45.81116,18.36592,17.54312,17.22968,16.39513,14.56344,FALSE,FALSE,FALSE,FALSE,FALSE,
0,6.607715,73.21578,49.2392,42.15668,43.31512,50.21268,-22.99563,108.6085,4.447686,-16.78044,123.4197,1.503242,-18.35242,99.26185,27.57849,-5.127988,95.13537,34.48849,6.885149,90.14756,17.63048,-21.50691,107.4484,5.016834,-16.6512,121.4156,2.276978,-17.11728,97.83175,25.64606,-5.253266,94.21281,35.90085,6.723188,89.44277,18.99717,0.207959,-0.2207737,-0.9528967,-0.3508665,-0.9349421,-0.05268852,-0.4401993,-0.768842,0.4637958,-0.5673019,-0.7066633,0.4228424,-0.6504252,-0.6601847,-0.3756371,47.2674,53.33599,60.77208,58.43398,45.81116,18.36592,17.54312,17.22968,16.39513,14.56344,FALSE,FALSE,FALSE,FALSE,FALSE,
0,6.623033,218.2275,227.5661,166.0043,185.9503,232.0889,-29.34896,107.0193,1.226447,-23.23003,121.52,-2.664128,-22.76191,98.07256,24.23295,-9.027539,93.90134,29.85907,1.275594,88.29679,12.2411,-24.28095,107.3509,3.450576,-18.47036,121.2489,1.056116,-18.79918,97.74287,25.62095,-7.021749,93.9054,33.83798,4.63591,89.05634,16.89047,0.1152002,-0.2507032,-0.9611851,-0.3695185,-0.9291908,0.007781986,-0.4069512,-0.7473593,0.5252093,-0.5378286,-0.685579,0.4906341,-0.6951201,-0.6577286,-0.2901742,47.2674,53.33599,60.77208,58.43398,45.81116,18.36592,17.54312,17.22968,16.39513,14.56344,FALSE,FALSE,FALSE,FALSE,FALSE,
0,6.638383,367.9413,386.262,265.6742,276.6545,386.2807,-37.77,103.3069,0.7861156,-31.6887,117.2217,-4.61821,-28.64613,95.08154,23.17599,-14.40055,90.6849,27.31888,-6.699588,83.78421,8.916726,-31.43104,105.1641,1.795385,-23.88354,119.3666,-1.063998,-22.42028,96.60073,25.15045,-10.3835,92.3399,31.49313,-0.5623188,86.75548,13.71379,-0.02034155,-0.3041158,-0.9524179,-0.3996953,-0.9102955,0.1077294,-0.3651482,-0.7047079,0.6083203,-0.4945331,-0.6355451,0.5928908,-0.751951,-0.640001,-0.158014,47.2674,53.33599,60.77208,58.43398,45.81116,18.36592,17.54312,17.22968,16.39513,14.56344,FALSE,FALSE,FALSE,FALSE,FALSE,
0,6.665459,391.2626,652.7999,814.991,646.3984,501.9066,-49.52723,101.6073,7.349274,-28.27894,114.446,-27.35295,-21.14891,86.91165,-13.13308,-6.817144,80.45612,3.164789,10.97959,79.34006,2.359685,-45.66296,100.1107,3.686864,-30.37993,111.1074,-11.1094,-26.561,89.21754,16.21603,-12.40502,85.31086,23.20883,2.357208,80.38585,5.410575,-0.2414426,-0.224265,-0.9441455,-0.2727491,-0.8797322,-0.3894601,-0.4210473,-0.8999999,0.1127796,-0.504954,-0.8404009,0.1968445,-0.5684618,-0.7514932,-0.3348272,47.2674,53.33599,60.77208,58.43398,45.81116,18.36592,17.54312,17.22968,16.39513,14.56344,FALSE,FALSE,FALSE,FALSE,FALSE,
1,6.678401,389.4702,761.014,1281.628,1068.903,729.5704,-56.33926,100.574,7.68832,-21.84001,116.6234,-38.87998,-4.177809,98.41946,-39.32763,9.238135,87.54156,-20.85425,24.60696,83.88023,-2.574086,-51.55586,98.66212,4.142257,-30.37993,111.1074,-11.1094,-23.42681,88.36554,6.203409,-8.603834,84.04343,14.81946,16.226,82.34474,-0.3542964,-0.3389869,-0.141418,-0.9301015,-0.1055023,-0.727363,-0.6780946,-0.2704387,-0.8827942,-0.3841059,-0.3513264,-0.901948,-0.2511167,-0.3785599,-0.7979949,-0.4689313,47.2674,53.33599,60.77208,58.43398,45.81116,18.36592,17.54312,17.22968,16.39513,14.56344,TRUE,FALSE,FALSE,FALSE,FALSE,
1,6.69642,416.1718,708.7684,1383.152,1307.201,770.7435,-61.94326,93.41394,4.114356,-15.88033,119.5888,-46.04372,10.1958,111.6991,-51.04346,26.36911,103.6388,-37.13199,36.15918,89.78693,-7.110949,-57.93898,93.15351,1.481169,-26.6062,111.9373,-20.01747,-17.63813,90.52074,-5.518734,-1.957472,85.75327,3.74414,30.72637,87.53196,-6.067884,-0.4273757,-0.05134407,-0.902615,0.04632595,-0.4926178,-0.8690119,-0.006304924,-0.6511804,-0.7588968,-0.06980031,-0.7267382,-0.683359,-0.1558515,-0.7667556,-0.6227328,47.2674,53.33599,60.77208,58.43398,45.81116,18.36592,17.54312,17.22968,16.39513,14.56344,TRUE,FALSE,FALSE,FALSE,FALSE,
3,6.714481,379.37,496.8182,1079.674,1099.067,646.2684,-64.6013,88.5134,4.903348,-17.37605,124.6317,-47.94394,14.07416,120.9487,-53.7306,33.2835,113.994,-41.31601,42.57585,94.77698,-10.25206,-62.93036,88.67683,3.166983,-24.44334,113.9993,-25.95556,-11.39899,95.37302,-15.65785,5.494264,90.63228,-6.572431,40.40884,93.48837,-10.20931,-0.5302617,-0.01680352,-0.8476675,0.03444232,-0.3102235,-0.9500395,0.1005513,-0.4295972,-0.897405,0.07383188,-0.5088612,-0.8576766,-0.03569793,-0.6951847,-0.7179442,47.2674,53.33599,60.77208,58.43398,45.81116,18.36592,17.54312,17.22968,16.39513,14.56344,TRUE,TRUE,TRUE,FALSE,FALSE,
4,6.732501,308.9165,406.9501,796.515,856.722,529.6559,-65.63942,85.53437,5.539502,-21.85859,131.2016,-47.68075,15.07303,128.4397,-53.91159,36.85244,122.2762,-42.33267,47.18888,99.12617,-12.66368,-65.83789,85.66334,5.198755,-23.60903,117.9811,-31.54026,-4.901364,102.8464,-25.47907,13.7097,98.309,-16.60007,46.61367,98.73775,-13.09439,-0.5937893,0.01176481,-0.8045346,-0.03580528,-0.1435109,-0.9890008,0.1345466,-0.2526185,-0.9581655,0.1470833,-0.317622,-0.9367405,0.04582661,-0.6001484,-0.7985749,47.2674,53.33599,60.77208,58.43398,45.81116,18.36592,17.54312,17.22968,16.39513,14.56344,TRUE,TRUE,TRUE,TRUE,FALSE,
4,6.750669,252.7216,329.4796,590.1593,637.4341,461.8608,-67.00761,83.73475,7.428925,-25.10177,134.3451,-47.20532,15.65978,134.1689,-53.96695,39.13559,127.6196,-42.43855,52.23764,103.5909,-13.92587,-68.03189,83.78917,7.726948,-24.22726,123.9803,-37.43493,2.085872,113.2179,-35.46856,22.83887,108.5832,-26.32728,52.35202,103.8435,-14.7156,-0.6388295,0.007755994,-0.7693093,-0.09998149,-0.05309078,-0.9935719,0.1481851,-0.1281663,-0.9806195,0.1907367,-0.196274,-0.9618191,0.1355621,-0.5144001,-0.8467677,47.2674,53.33599,60.77208,58.43398,45.81116,18.36592,17.54312,17.22968,16.39513,14.56344,TRUE,TRUE,TRUE,TRUE,FALSE,
4,6.759604,229.289,295.4129,504.0421,555.5172,428.2606,-67.34355,82.95755,8.698907,-26.35036,135.4671,-46.67216,15.84083,136.2039,-53.78226,40.1059,129.9534,-42.3177,54.54725,105.3628,-14.24191,-68.52713,83.02515,9.054976,-25.12158,127.3798,-39.99382,5.391119,118.9704,-40.0007,27.31007,114.2293,-30.56976,54.98495,106.021,-15.12488,-0.6552013,0.00386152,-0.7554445,-0.1285936,-0.0182609,-0.9915292,0.1477676,-0.0807937,-0.9857165,0.2037347,-0.1447794,-0.9682619,0.1727723,-0.475966,-0.862326,47.2674,53.33599,60.77208,58.43398,45.81116,18.36592,17.54312,17.22968,16.39513,14.56344,TRUE,TRUE,TRUE,TRUE,FALSE,
5,6.777762,186.2614,238.0127,368.4603,407.1309,365.757,-67.82173,81.95688,11.17802,-28.21163,137.4388,-45.59075,15.88111,139.7825,-53.35892,41.89573,133.1786,-41.88157,58.93057,108.2662,-14.41838,-69.0522,81.96949,11.45536,-27.54934,133.8901,-43.45,10.87119,130.5281,-47.29681,35.35932,125.1607,-37.05324,59.93398,109.5832,-15.33453,-0.6743337,-0.004125725,-0.7384152,-0.1736799,0.04092154,-0.9839516,0.138484,-0.000109901,-0.9903647,0.2227831,-0.06679188,-0.9725773,0.2426165,-0.4038134,-0.8820839,47.2674,53.33599,60.77208,58.43398,45.81116,18.36592,17.54312,17.22968,16.39513,14.56344,TRUE,TRUE,TRUE,TRUE,TRUE,
5,6.79581,122.4964,204.8172,287.7537,288.828,330.032,-67.90262,80.98647,11.71425,-29.53768,139.8276,-45.05853,16.1458,142.7997,-53.14603,43.77983,134.8875,-41.48203,63.49327,110.8141,-14.20726,-69.1579,81.18269,12.30606,-29.83496,139.2535,-44.63923,14.1039,139.65,-51.31377,41.10793,132.8146,-40.24456,64.813,112.5374,-15.00432,-0.6741368,-0.008633329,-0.738556,-0.2045688,0.1104649,-0.9725991,0.1345108,0.07401969,-0.9881437,0.2440727,-0.01237884,-0.9696779,0.3227705,-0.3250816,-0.8888988,47.2674,53.33599,60.77208,58.43398,45.81116,18.36592,17.54312,17.22968,16.39513,14.56344,TRUE,TRUE,TRUE,TRUE,TRUE,
5,6.813888,82.24586,151.3893,206.2935,210.8047,261.1766,-68.00801,80.39192,12.16778,-30.15184,141.3008,-44.80765,16.5526,144.7616,-53.10402,45.76835,135.9713,-41.20527,66.96327,111.7654,-13.86535,-69.19994,80.59377,12.75704,-31.09394,142.4802,-44.68936,15.66469,145.2858,-52.76296,44.95825,136.9404,-41.10061,68.57165,113.7991,-14.41644,-0.6725731,-0.01272568,-0.7399213,-0.2241418,0.1582943,-0.961615,0.1312322,0.126191,-0.9832873,0.2647292,0.03105764,-0.9638225,0.3784973,-0.274402,-0.8839929,47.2674,53.33599,60.77208,58.43398,45.81116,18.36592,17.54312,17.22968,16.39513,14.56344,TRUE,TRUE,TRUE,TRUE,TRUE,
5,6.83195,49.01605,103.0606,166.3001,159.9349,207.7416,-68.3362,80.19865,12.35296,-30.4016,142.1617,-44.94148,17.01148,146.7977,-53.10525,47.66641,136.4451,-41.04882,69.86755,111.9225,-13.45405,-69.28426,80.27645,12.99241,-31.56377,144.021,-44.68217,16.48967,148.685,-53.03731,47.64901,138.5362,-41.07606,71.59093,114.0279,-13.81314,-0.6672009,-0.01630612,-0.7446994,-0.2351764,0.1914892,-0.9529029,0.13153,0.1798918,-0.9748532,0.2858225,0.0640732,-0.9561381,0.4282295,-0.2339266,-0.8728676,47.2674,53.33599,60.77208,58.43398,45.81116,18.36592,17.54312,17.22968,16.39513,14.56344,TRUE,TRUE,TRUE,TRUE,TRUE,
5,6.850023,41.3821,72.78937,115.5964,121.664,156.1022,-68.33804,79.36326,12.37411,-30.53545,142.7734,-45.26083,17.63925,147.7099,-53.41445,49.39062,136.2178,-41.20543,71.97395,110.8599,-13.30897,-69.16006,79.70424,12.95737,-31.55575,144.9081,-44.88485,17.29206,150.2616,-53.22276,49.75933,138.7031,-41.0884,73.69675,112.9368,-13.50474,-0.655889,-0.02674174,-0.7543836,-0.2410271,0.2278678,-0.9433887,0.1358018,0.2199644,-0.9660091,0.3051982,0.09023791,-0.9480038,0.4621806,-0.2148387,-0.8603683,47.2674,53.33599,60.77208,58.43398,45.81116,18.36592,17.54312,17.22968,16.39513,14.56344,TRUE,TRUE,TRUE,TRUE,TRUE,
5,6.85904,37.54562,78.1972,92.26402,108.5015,137.1115,-68.29082,79.17205,12.50041,-30.68937,143.5583,-45.18332,17.79529,148.0083,-53.54304,50.03469,136.3763,-41.2414,72.8096,110.7426,-13.26109,-68.99371,79.42038,12.93373,-31.57065,145.6176,-44.83612,17.54419,150.6235,-53.31984,50.54599,138.8205,-41.09772,74.50976,112.755,-13.40778,-0.6512657,-0.03153143,-0.7581944,-0.2439319,0.2486371,-0.9373776,0.1365566,0.2303124,-0.9634877,0.3126603,0.1013611,-0.9444414,0.4758548,-0.2046524,-0.8553827,47.2674,53.33599,60.77208,58.43398,45.81116,18.36592,17.54312,17.22968,16.39513,14.56344,TRUE,TRUE,TRUE,TRUE,TRUE,
5,6.87716,38.08855,58.49411,75.55302,85.77708,106.2803,-67.99109,78.78983,12.58974,-30.81925,144.4032,-45.34106,17.9801,149.0954,-53.69054,51.11424,136.684,-41.32174,74.24289,110.7936,-13.114,-68.46186,78.89253,12.83198,-31.52432,146.598,-44.87551,17.82796,151.6633,-53.39542,51.76805,139.0696,-41.10598,75.86456,112.7388,-13.17124,-0.6391251,-0.04332519,-0.7678815,-0.245303,0.2710576,-0.9307815,0.1380417,0.2554355,-0.9569207,0.3261507,0.1167029,-0.9380865,0.500687,-0.1870983,-0.8451667,47.2674,53.33599,60.77208,58.43398,45.81116,18.36592,17.54312,17.22968,16.39513,14.56344,TRUE,TRUE,TRUE,TRUE,TRUE,
5,6.895234,57.52069,40.16299,38.67149,69.1642,80.28909,-67.44756,78.26978,12.13845,-30.66687,144.5644,-46.12519,18.24342,148.7956,-54.45306,52.06414,135.8907,-41.74411,75.14874,109.902,-13.09046,-67.69144,78.37846,12.42795,-31.2729,146.8984,-45.40373,18.09161,151.5043,-53.99535,52.76829,138.3278,-41.44542,76.67503,111.8382,-13.09535,-0.6163966,-0.06180344,-0.7850067,-0.2397283,0.283974,-0.9283798,0.1425403,0.2622393,-0.9544175,0.3401041,0.117259,-0.9330485,0.5192706,-0.1851218,-0.8343188,47.2674,53.33599,60.77208,58.43398,45.81116,18.36592,17.54312,17.22968,16.39513,14.56344,TRUE,TRUE,TRUE,TRUE,TRUE,
5,6.913349,77.27602,36.17711,37.02713,59.09243,59.66499,-66.33733,77.97607,11.53852,-30.51029,144.4402,-46.88308,18.42143,148.263,-55.22955,52.85925,135.6873,-42.09399,75.74034,109.32,-13.23287,-66.58949,77.91351,11.74725,-31.05356,146.8115,-45.93547,18.29186,150.9867,-54.58735,53.6012,137.97,-41.76641,77.15562,111.1642,-13.20726,-0.5910149,-0.07956332,-0.8027273,-0.2345847,0.2835394,-0.9298255,0.1459187,0.2590857,-0.9547682,0.351493,0.120865,-0.9283557,0.5305067,-0.1854929,-0.8271366,47.2674,53.33599,60.77208,58.43398,45.81116,18.36592,17.54312,17.22968,16.39513,14.56344,TRUE,TRUE,TRUE,TRUE,TRUE,
5,6.93142,94.59531,51.60341,83.66555,70.00021,58.64743,-64.77668,78.08794,11.19851,-30.4309,143.8681,-47.88897,18.37144,146.4695,-56.69251,53.16208,134.5345,-43.24397,75.94881,108.362,-14.074,-65.21564,77.67873,11.12173,-30.90483,146.6128,-46.36165,18.35732,149.9516,-55.43843,53.93147,136.9217,-42.73489,77.25357,110.1971,-14.01757,-0.566524,-0.1023074,-0.8176697,-0.2327156,0.269349,-0.9345023,0.1436828,0.234845,-0.9613548,0.3525467,0.1059071,-0.929782,0.530286,-0.1977707,-0.8244292,47.2674,53.33599,60.77208,58.43398,45.81116,18.36592,17.54312,17.22968,16.39513,14.56344,TRUE,TRUE,TRUE,TRUE,TRUE,
5,6.9495,131.6071,148.9271,223.3625,192.859,138.8985,-62.49556,79.40261,10.57633,-30.37925,141.4183,-51.498,18.24447,141.4574,-60.91517,52.96051,129.9249,-46.87199,75.19766,104.9637,-16.24924,-63.28214,77.99737,10.42142,-30.79003,146.0878,-47.17952,18.37969,147.1494,-57.80178,53.82396,133.1818,-45.73782,76.53185,107.0749,-16.09657,-0.5256464,-0.1636698,-0.8348102,-0.2296497,0.2103824,-0.9502633,0.1416239,0.1585833,-0.9771356,0.3474023,0.03351083,-0.9371172,0.5158755,-0.2672931,-0.8138961,47.2674,53.33599,60.77208,58.43398,45.81116,18.36592,17.54312,17.22968,16.39513,14.56344,TRUE,TRUE,TRUE,TRUE,TRUE,
5,6.967546,210.4082,246.4153,369.972,315.3662,230.3783,-56.75785,79.18759,8.697207,-30.43505,137.3247,-55.80448,17.9848,133.9007,-65.3446,51.85706,123.0289,-50.56972,73.29935,99.91567,-18.07516,-60.06231,78.30613,9.279717,-30.68891,145.1541,-48.36292,18.37849,141.9501,-61.30717,52.96184,127.3823,-49.24689,74.67764,102.3038,-18.09711,-0.4502717,-0.2571221,-0.8550693,-0.2206467,0.1246651,-0.9673539,0.1444633,0.0430032,-0.9885753,0.3351541,-0.0666351,-0.939804,0.4894389,-0.3614854,-0.7935855,47.2674,53.33599,60.77208,58.43398,45.81116,18.36592,17.54312,17.22968,16.39513,14.56344,TRUE,TRUE,TRUE,TRUE,TRUE,
5,6.977168,262.6306,268.8065,450.2303,386.4707,297.091,-51.81546,78.10922,7.890718,-30.48377,134.9297,-57.4468,17.59414,128.5181,-66.90584,50.54591,118.2495,-51.97013,71.4424,96.26495,-18.68924,-57.20306,78.08842,8.559895,-30.62109,144.3982,-49.14639,18.28106,137.3587,-63.34187,51.79577,122.9292,-50.96006,72.69773,98.61929,-18.97205,-0.3939122,-0.3153796,-0.8633475,-0.2148118,0.07836729,-0.9735063,0.142226,-0.03771591,-0.9891154,0.3168783,-0.1315188,-0.9393035,0.4582843,-0.419099,-0.783793,47.2674,53.33599,60.77208,58.43398,45.81116,18.36592,17.54312,17.22968,16.39513,14.56344,TRUE,TRUE,TRUE,TRUE,TRUE,
5,6.997969,319.4632,1288.097,564.6384,633.5981,483.763,-42.58659,75.68075,7.388494,-26.85139,85.99401,-23.30311,16.75578,115.5823,-67.93388,45.26974,103.5037,-52.59366,65.26019,85.30574,-18.40088,-48.39488,76.61115,7.420777,-30.35997,131.3388,-49.92621,17.66711,123.2358,-66.5234,46.08849,107.4357,-52.76992,65.62408,87.11858,-19.33067,-0.2728874,-0.4236242,-0.8637564,-0.2171572,-0.606339,-0.7649809,0.1321765,-0.1955505,-0.9717456,0.232331,-0.3180627,-0.9191618,0.3531424,-0.5486032,-0.7578423,47.2674,53.33599,60.77208,58.43398,45.81116,18.36592,17.54312,17.22968,16.39513,14.56344,TRUE,TRUE,TRUE,TRUE,TRUE,
0,7.008659,736.798,1903.448,2036.729,2037.072,1426.482,-33.43009,73.82021,-5.51122,-12.25385,83.70063,10.817,0.2453067,85.38979,9.977769,17.78598,89.88349,21.71755,32.38719,90.20564,20.63339,-40.01272,73.52607,-2.795153,-27.5969,113.0091,-42.59361,7.588815,92.98911,-54.39827,25.18033,75.70756,-34.44248,38.73716,69.65009,-8.682732,-0.1605268,-0.3927804,-0.9055135,-0.105067,-0.9939185,-0.03296914,-0.2140349,-0.9110605,-0.3523603,-0.2811842,-0.9291827,-0.2399061,-0.4030151,-0.8846421,-0.2344934,47.2674,53.33599,60.77208,58.43398,45.81116,18.36592,17.54312,17.22968,16.39513,14.56344,FALSE,FALSE,FALSE,FALSE,FALSE,
0,7.028309,682.9149,1507.548,1876.777,1729.402,1187.398,-22.00374,68.01873,-8.263965,-6.55516,80.11069,18.23883,-0.5572712,77.99232,25.9471,12.57963,83.31807,35.16691,22.82848,90.86266,31.20953,-28.61538,69.2869,-7.450149,-20.30207,92.77749,-23.56241,0.9074898,69.99223,-19.2241,14.57388,65.11063,2.026198,23.81708,74.43584,15.91446,0.0247658,-0.4758349,-0.8791859,0.09762163,-0.6784541,0.7281278,-0.2102683,-0.732576,0.6473945,-0.3443995,-0.6512113,0.6762491,-0.6616321,-0.5221158,0.5381804,47.2674,53.33599,60.77208,58.43398,45.81116,18.36592,17.54312,17.22968,16.39513,14.56344,FALSE,FALSE,FALSE,FALSE,FALSE,
0,7.046431,525.1299,914.5994,1181.69,1116.098,776.2079,-15.36662,68.10576,-8.620371,-5.794073,80.6117,18.82071,-0.2498308,78.18068,26.33853,12.44008,84.33567,36.15692,22.33234,91.57088,31.45273,-16.23736,67.60505,-9.502714,-16.30522,87.14321,-12.75448,0.146892,69.11496,-3.937167,13.14957,69.51761,15.57042,22.05898,81.78458,24.23197,0.1417287,-0.4809858,-0.8651969,0.1184828,-0.4347475,0.8927242,-0.1918917,-0.4576977,0.8681534,-0.3252116,-0.3611814,0.8739482,-0.6469907,-0.2721022,0.7122945,47.2674,53.33599,60.77208,58.43398,45.81116,18.36592,17.54312,17.22968,16.39513,14.56344,FALSE,FALSE,FALSE,FALSE,FALSE,
0,7.064569,392.7481,624.9559,817.8251,761.6348,527.4929,-11.18834,65.14196,-4.427205,-7.280448,79.49438,22.29483,-1.767206,77.50907,29.59106,10.92038,84.24911,38.65228,20.60402,90.99992,33.24017,-9.720982,65.61194,-6.074088,-14.56165,85.36736,-7.044519,-0.1663926,70.13739,2.701236,12.59679,72.67481,21.36227,21.28358,85.41209,28.0082,0.229718,-0.5224763,-0.8211262,0.1315026,-0.2718114,0.9533235,-0.1661024,-0.2723561,0.9477511,-0.2944672,-0.1797155,0.9386114,-0.6168627,-0.145762,0.7734558,47.2674,53.33599,60.77208,58.43398,45.81116,18.36592,17.54312,17.22968,16.39513,14.56344,FALSE,FALSE,FALSE,FALSE,FALSE,
0,7.082601,431.2118,515.4745,641.9109,564.8398,489.1295,-4.12983,73.51637,5.830911,-13.72428,86.90829,27.79482,-7.910804,84.11309,34.64433,5.724601,88.4747,42.40824,15.39058,95.2159,37.43526,-6.377925,69.80231,2.108694,-14.38865,85.0771,-3.599437,-1.139248,71.49601,6.930798,11.32106,75.00688,25.18645,18.63457,88.3047,31.69576,0.3446083,-0.4846308,-0.8039765,0.1752623,-0.3305563,0.9273703,-0.1102238,-0.2904093,0.9505331,-0.2394991,-0.2312312,0.9429593,-0.560544,-0.1479563,0.8148002,47.2674,53.33599,60.77208,58.43398,45.81116,18.36592,17.54312,17.22968,16.39513,14.56344,FALSE,FALSE,FALSE,FALSE,FALSE,
0,7.100662,475.7659,422.1612,448.1882,384.7312,386.4761,-1.439429,83.58851,6.013573,-15.30871,93.60454,29.44681,-9.541008,89.78291,35.42417,4.131606,92.79225,43.24154,13.77523,100.0806,39.39784,-2.188482,80.30814,4.558184,-14.45769,85.77218,-0.2263807,-2.201504,73.60374,10.49332,9.97712,77.8644,28.2381,16.36518,92.68328,34.63516,0.4206536,-0.370435,-0.8281476,0.1757308,-0.4206222,0.8900537,-0.1051344,-0.3951926,0.9125621,-0.2368057,-0.3478923,0.9071351,-0.5523109,-0.2374284,0.7991122,47.2674,53.33599,60.77208,58.43398,45.81116,18.36592,17.54312,17.22968,16.39513,14.56344,FALSE,FALSE,FALSE,FALSE,FALSE,
0,7.118745,336.7965,288.6665,291.2648,246.5984,251.918,-1.163055,86.98991,6.359696,-16.46361,95.78197,30.36601,-10.77195,91.60642,36.01426,2.924234,93.93028,43.73557,12.67433,101.1654,40.29498,-0.5382675,86.11416,5.631835,-14.71903,87.05923,4.024595,-3.537929,76.28798,14.42354,8.431437,80.9644,31.24176,14.51946,96.05515,36.85821,0.4416451,-0.3396175,-0.8304273,0.166429,-0.4445947,0.8801346,-0.1109108,-0.4188177,0.9012716,-0.2427609,-0.3742849,0.8949738,-0.5535437,-0.2530679,0.7934393,47.2674,53.33599,60.77208,58.43398,45.81116,18.36592,17.54312,17.22968,16.39513,14.56344,FALSE,FALSE,FALSE,FALSE,FALSE,
0,7.127719,237.7316,227.0419,230.9447,193.8164,193.7598,-1.744744,86.90327,6.636096,-17.01703,95.85313,30.80163,-11.35962,91.64062,36.44773,2.357741,93.79909,44.0426,12.17687,100.8963,40.61367,-0.7311105,86.87141,5.992361,-14.92262,87.7829,6.352795,-4.28443,77.67232,16.466,7.624881,82.39543,32.68842,13.77492,97.06992,37.71653,0.4369293,-0.3465573,-0.8300547,0.1619442,-0.4383388,0.8841002,-0.1137704,-0.4095078,0.9051849,-0.2457261,-0.365971,0.897599,-0.5537705,-0.2417062,0.7968163,47.2674,53.33599,60.77208,58.43398,45.81116,18.36592,17.54312,17.22968,16.39513,14.56344,FALSE,FALSE,FALSE,FALSE,FALSE,
0,7.145864,129.2639,145.2721,151.5376,130.1322,124.043,-2.359362,87.04744,7.080629,-17.99076,96.13519,31.35853,-12.40009,91.86919,37.06471,1.309402,93.76035,44.52885,11.25257,100.6505,41.14146,-1.263,87.40752,6.529324,-15.48396,89.31573,11.19131,-5.899913,80.43195,20.56661,5.966648,84.99798,35.41712,12.51834,98.30319,39.01384,0.4389001,-0.3559007,-0.8250463,0.1521381,-0.4306819,0.8895881,-0.1209787,-0.3960158,0.9102393,-0.2526446,-0.3524116,0.9010975,-0.556282,-0.2256702,0.7997645,47.2674,53.33599,60.77208,58.43398,45.81116,18.36592,17.54312,17.22968,16.39513,14.56344,FALSE,FALSE,FALSE,FALSE,FALSE,
0,7.16395,83.94316,101.6187,106.0501,98.13301,88.12794,-2.961156,87.44392,7.457913,-18.90395,96.30624,31.86343,-13.35107,91.98946,37.57278,0.3412955,93.7049,45.02458,10.3778,100.433,41.60814,-1.886016,87.89479,6.946268,-16.22395,90.82887,15.91346,-7.590793,82.99839,24.44643,4.363174,87.13937,37.82734,11.48436,98.88458,39.95473,0.4391585,-0.3583775,-0.8238358,0.1451595,-0.4250238,0.8934671,-0.1257659,-0.3875824,0.9132156,-0.2559645,-0.3393874,0.905151,-0.557546,-0.2149254,0.8018413,47.2674,53.33599,60.77208,58.43398,45.81116,18.36592,17.54312,17.22968,16.39513,14.56344,FALSE,FALSE,FALSE,FALSE,FALSE,
0,7.182067,59.75559,73.17787,75.17451,74.16204,63.77112,-3.034011,87.87368,7.809174,-19.55359,96.55746,32.19933,-14.00949,92.19663,37.89457,-0.3262733,93.81898,45.37062,9.763831,100.432,41.90433,-1.956709,88.31974,7.417513,-17.10423,92.3019,20.37061,-9.311215,85.37649,28.05018,2.901846,88.88895,39.8824,10.61521,99.22452,40.65882,0.4478818,-0.3608514,-0.8180392,0.1419782,-0.4227529,0.8950543,-0.1273796,-0.3839968,0.9145058,-0.2560904,-0.3303916,0.9084377,-0.5565126,-0.2091518,0.8040829,47.2674,53.33599,60.77208,58.43398,45.81116,18.36592,17.54312,17.22968,16.39513,14.56344,FALSE,FALSE,FALSE,FALSE,FALSE,
0,7.200101,49.75784,57.25882,55.86763,55.16142,46.81307,-3.662237,88.41912,7.911639,-20.15033,96.89336,32.46114,-14.58614,92.46172,38.08809,-0.8783832,93.98306,45.5279,9.237523,100.5152,42.02505,-2.575055,88.86588,7.616433,-18.10814,93.74083,24.45031,-11.04894,87.58686,31.33444,1.55974,90.3513,41.59604,9.830688,99.48474,41.17502,0.4452169,-0.3599097,-0.8199067,0.142673,-0.4239353,0.8943843,-0.1251666,-0.3850543,0.9143667,-0.252963,-0.3276976,0.9102879,-0.5525209,-0.2074156,0.8072791,47.2674,53.33599,60.77208,58.43398,45.81116,18.36592,17.54312,17.22968,16.39513,14.56344,FALSE,FALSE,FALSE,FALSE,FALSE,
0,7.218165,41.49566,42.37989,40.364,40.06984,33.61939,-3.831527,88.78996,8.235852,-20.50403,97.06694,32.69794,-14.92284,92.59328,38.29142,-1.209305,94.04278,45.70598,8.929281,100.5082,42.18382,-2.884169,89.27516,7.971407,-19.068,94.98928,27.81748,-12.59337,89.4426,34.06565,0.436359,91.5024,42.96269,9.22106,99.66525,41.56736,0.450094,-0.361121,-0.816705,0.142337,-0.4242411,0.8942928,-0.1240226,-0.3847856,0.9146357,-0.251417,-0.325065,0.9116591,-0.5498501,-0.2056028,0.8095631,47.2674,53.33599,60.77208,58.43398,45.81116,18.36592,17.54312,17.22968,16.39513,14.56344,FALSE,FALSE,FALSE,FALSE,FALSE,
0,7.236186,33.89188,31.64193,29.47193,28.45328,24.13588,-3.92354,89.06196,8.521395,-20.72437,97.16734,32.96099,-15.12237,92.66997,38.52992,-1.403183,94.05871,45.89314,8.749575,100.469,42.36459,-3.054949,89.57713,8.31147,-19.81924,95.87767,30.16652,-13.71548,90.72208,35.98504,-0.3893344,92.28214,43.94806,8.812433,99.75417,41.87117,0.4538835,-0.3630934,-0.8137279,0.1414684,-0.4223717,0.8953149,-0.1231431,-0.3824048,0.9157524,-0.250636,-0.3224439,0.9128042,-0.5479733,-0.2025168,0.8116109,47.2674,53.33599,60.77208,58.43398,45.81116,18.36592,17.54312,17.22968,16.39513,14.56344,FALSE,FALSE,FALSE,FALSE,FALSE,
0,7.245213,29.04863,26.73908,24.66715,24.16696,19.92048,-3.890234,89.17019,8.612626,-20.78552,97.20155,33.05413,-15.17307,92.7001,38.61419,-1.462225,94.07808,45.96448,8.698459,100.4663,42.42407,-3.088121,89.7016,8.433915,-20.09015,96.18704,30.9738,-14.09892,91.15461,36.64587,-0.6827466,92.55499,44.30955,8.680448,99.78064,41.98771,0.4562974,-0.3639916,-0.8119746,0.1406608,-0.4201855,0.8964701,-0.1230571,-0.3804054,0.9165962,-0.2506416,-0.3202291,0.913582,-0.5476032,-0.201079,0.812218,47.2674,53.33599,60.77208,58.43398,45.81116,18.36592,17.54312,17.22968,16.39513,14.56344,FALSE,FALSE,FALSE,FALSE,FALSE,
0,7.263363,22.95756,23.16885,19.66598,19.43493,16.11286,-3.834156,89.51942,8.64586,-20.93761,97.41087,33.23381,-15.31088,92.87132,38.73106,-1.613192,94.21292,46.07219,8.564711,100.5596,42.54808,-3.100576,89.9896,8.542763,-20.49467,96.66035,32.09051,-14.65017,91.78081,37.56489,-1.126587,92.97358,44.85025,8.487043,99.84743,42.17887,0.4594129,-0.3641188,-0.8101588,0.1384932,-0.4171961,0.8982021,-0.1236001,-0.3789378,0.9171309,-0.2512943,-0.3180454,0.9141653,-0.5468298,-0.1988888,0.8132775,47.2674,53.33599,60.77208,58.43398,45.81116,18.36592,17.54312,17.22968,16.39513,14.56344,FALSE,FALSE,FALSE,FALSE,FALSE,
0,7.281395,21.06642,20.26537,15.51624,14.15914,11.50276,-3.79705,89.93737,8.494829,-21.03812,97.65688,33.37174,-15.39708,93.06065,38.79215,-1.694258,94.33953,46.10727,8.500604,100.6435,42.60157,-3.088066,90.43307,8.409728,-20.78713,97.08537,32.81709,-15.04031,92.28418,38.16914,-1.461042,93.32961,45.23449,8.359195,99.94869,42.31965,0.4572389,-0.3618858,-0.8123861,0.1373806,-0.4164678,0.8987108,-0.1233263,-0.3794807,0.9169433,-0.2510078,-0.3180552,0.9142407,-0.5451567,-0.1979702,0.8146238,47.2674,53.33599,60.77208,58.43398,45.81116,18.36592,17.54312,17.22968,16.39513,14.56344,FALSE,FALSE,FALSE,FALSE,FALSE,
0,7.299534,44.38041,42.83737,35.57534,28.28852,25.13766,-3.873241,91.36934,8.186046,-21.59558,98.76659,33.36451,-15.88566,93.99092,38.541,-2.045612,94.93499,45.51207,8.172603,101.1929,41.98843,-2.952591,91.47683,8.217607,-21.23454,97.90083,33.3055,-15.53321,93.08453,38.4501,-1.848646,93.85204,45.26622,8.144929,100.2567,42.18216,0.4466853,-0.3535628,-0.8218672,0.1496331,-0.4309919,0.8898628,-0.1091377,-0.3925755,0.9132215,-0.2371292,-0.3311348,0.9133014,-0.5299094,-0.2044117,0.8230504,47.2674,53.33599,60.77208,58.43398,45.81116,18.36592,17.54312,17.22968,16.39513,14.56344,FALSE,FALSE,FALSE,FALSE,FALSE,
0,7.308985,158.4516,170.1589,156.7877,126.5589,104.4448,-5.466683,95.63216,6.849083,-23.52242,102.8693,32.19364,-18.0682,97.41158,36.95691,-4.1148,96.96211,43.62949,6.472417,102.7398,40.358,-3.721018,94.28916,7.471841,-22.26097,100.0245,32.95693,-16.68718,94.90493,37.81257,-2.71372,94.76571,44.57733,7.485339,100.9071,41.55093,0.4251466,-0.3374562,-0.8398653,0.1329931,-0.4932384,0.8596678,-0.1218237,-0.4390966,0.8901422,-0.2463369,-0.3707723,0.8954586,-0.5300303,-0.2184595,0.8193554,47.2674,53.33599,60.77208,58.43398,45.81116,18.36592,17.54312,17.22968,16.39513,14.56344,FALSE,FALSE,FALSE,FALSE,FALSE,
0,7.329767,162.4998,192.313,182.5986,160.9449,131.7314,-6.362714,99.38206,5.375892,-25.42366,106.7659,30.69377,-20.24887,100.661,34.94505,-6.340643,98.76957,40.91452,4.627843,104.116,38.10384,-4.749442,98.48505,6.098066,-24.67248,104.9177,31.67093,-19.32812,98.84814,35.94284,-4.862666,96.67243,42.48201,5.801821,102.2583,39.81496,0.4100267,-0.3204614,-0.8539219,0.1144799,-0.5532879,0.825086,-0.1351677,-0.4861855,0.8633385,-0.2598818,-0.417778,0.8705878,-0.5298137,-0.2383449,0.8139343,47.2674,53.33599,60.77208,58.43398,45.81116,18.36592,17.54312,17.22968,16.39513,14.56344,FALSE,FALSE,FALSE,FALSE,FALSE,
0,7.350886,137.2309,140.0395,149.578,172.4853,162.9471,-6.963942,99.15589,1.762369,-26.05281,106.3382,27.37575,-20.8128,100.1102,31.35177,-6.886572,97.94724,36.60971,4.105989,103.2589,33.82048,-5.26359,98.98849,3.522326,-25.74244,106.2651,29.3162,-20.41187,99.90053,33.46449,-5.903827,97.29388,40.14754,5.014964,102.6583,37.90588,0.3963042,-0.3075078,-0.8650907,0.128609,-0.5694002,0.8119379,-0.119565,-0.5033488,0.8557711,-0.2486868,-0.4413248,0.8621991,-0.5186523,-0.2611505,0.8141254,47.2674,53.33599,60.77208,58.43398,45.81116,18.36592,17.54312,17.22968,16.39513,14.56344,FALSE,FALSE,FALSE,FALSE,FALSE,
0,7.362203,233.2556,185.6113,165.6269,155.6065,160.5776,-4.443063,90.14964,2.318876,-24.69408,99.91394,26.11303,-19.47099,94.44949,31.0844,-5.784539,93.46049,37.08855,5.191491,98.72723,34.14855,-4.129799,93.55928,2.975363,-25.30603,103.3623,27.99437,-20.06602,97.60076,32.50599,-5.937412,96.25701,39.25755,4.997386,101.7762,37.11174,0.4360908,-0.4018313,-0.8052058,0.1049524,-0.4494521,0.8871177,-0.1465861,-0.388197,0.9098437,-0.2788504,-0.3325766,0.900908,-0.5508029,-0.1707345,0.8169858,47.2674,53.33599,60.77208,58.43398,45.81116,18.36592,17.54312,17.22968,16.39513,14.56344,FALSE,FALSE,FALSE,FALSE,FALSE,
0,7.374492,364.3593,274.2485,244.6413,232.8286,256.7328,-5.605368,82.68691,1.350375,-24.27013,94.58988,24.59183,-19.14879,89.5876,30.11508,-5.570338,88.89658,36.03504,5.540354,93.62886,32.63065,-5.176767,86.1972,1.746821,-24.8254,98.88432,26.40955,-19.67133,93.66118,31.37963,-5.902884,93.77637,38.04303,5.074427,99.51833,35.86652,0.4049261,-0.4789692,-0.7788603,0.0922541,-0.3583486,0.9290186,-0.1581622,-0.2921618,0.9432,-0.2931316,-0.2421652,0.9248945,-0.5653771,-0.09040005,0.8198637,47.2674,53.33599,60.77208,58.43398,45.81116,18.36592,17.54312,17.22968,16.39513,14.56344,FALSE,FALSE,FALSE,FALSE,FALSE,
0,7.399231,525.471,926.3048,985.8228,795.7547,809.9861,-38.39212,92.12733,-4.066566,-18.84504,108.8219,-20.83693,-8.6688,80.83748,-23.57164,4.379155,76.30587,-5.296515,27.0222,82.97528,-4.205885,-17.70241,86.53259,-7.745878,-24.73809,93.92836,14.33554,-18.88293,83.88598,19.28512,-5.088892,86.40886,29.84883,6.173239,91.87733,27.45744,0.07354648,-0.253728,-0.9644755,-0.07378309,-0.9498973,0.3037288,-0.308689,-0.8808888,0.3588121,-0.4229917,-0.8011925,0.4232832,-0.6532196,-0.7511992,0.09488849,47.2674,53.33599,60.77208,58.43398,45.81116,18.36592,17.54312,17.22968,16.39513,14.56344,FALSE,FALSE,FALSE,FALSE,FALSE,
0,7.411279,734.4231,1239.962,1469.319,1330.13,1083.823,-50.7922,91.24744,-11.43238,-12.36188,114.3172,-36.54808,6.98005,87.61684,-44.68672,22.61734,86.5474,-30.77969,39.75012,87.35072,-13.98292,-27.23458,88.84081,-13.3311,-22.68285,94.66662,5.82266,-14.59651,81.29246,7.752404,-1.598873,84.04163,21.52202,10.68639,89.06715,20.41314,-0.05970487,-0.08015024,-0.9949931,0.03939307,-0.9726089,-0.2290855,-0.1439345,-0.9649122,-0.2196074,-0.2367036,-0.9535832,-0.1861467,-0.3097897,-0.8434978,-0.4387959,47.2674,53.33599,60.77208,58.43398,45.81116,18.36592,17.54312,17.22968,16.39513,14.56344,FALSE,FALSE,FALSE,FALSE,FALSE,
1,7.431327,794.1616,1003.519,1376.012,1325.76,899.2947,-62.68226,91.09729,-13.03578,-11.02275,119.2316,-42.54863,17.37958,101.4257,-55.0619,35.42593,100.4096,-41.83725,45.7221,91.84502,-16.96714,-45.50513,90.75624,-17.34738,-20.095,97.76564,-3.903121,-7.780385,82.80399,-6.871126,4.745762,84.6139,9.299226,15.29944,88.83006,15.05965,-0.2996679,0.01995817,-0.9538348,0.1425853,-0.7842029,-0.6039,0.06992285,-0.7544764,-0.6525919,0.0270694,-0.7574396,-0.6523439,-0.006164019,-0.7072489,-0.7069378,47.2674,53.33599,60.77208,58.43398,45.81116,18.36592,17.54312,17.22968,16.39513,14.56344,TRUE,FALSE,FALSE,FALSE,FALSE,
1,7.449395,766.0554,693.7748,1109.976,1084.39,663.9417,-73.33236,89.08821,-5.47282,-11.53265,123.676,-42.97216,21.34837,114.3785,-57.18904,42.42169,111.0343,-42.87778,49.77737,96.79055,-16.56846,-61.33335,90.15965,-13.09394,-18.58652,101.1795,-10.24607,-2.136734,87.36935,-17.00315,11.18403,88.08996,-0.5047318,24.89844,90.11958,5.550434,-0.5070385,0.05967377,-0.8598552,0.1724132,-0.6150489,-0.7694079,0.1812873,-0.5374239,-0.8235961,0.1820877,-0.5481364,-0.8163275,0.1181769,-0.6065552,-0.7862093,47.2674,53.33599,60.77208,58.43398,45.81116,18.36592,17.54312,17.22968,16.39513,14.56344,TRUE,FALSE,FALSE,FALSE,FALSE,
1,7.467461,663.1917,483.799,873.6258,846.3979,489.4928,-78.04,87.40994,1.107728,-12.60008,127.5516,-42.34719,22.46416,124.429,-57.99442,46.56917,118.9946,-42.64753,53.03229,100.6208,-16.28317,-71.88359,88.49432,-4.887274,-17.41602,105.9413,-16.55252,3.956946,95.32142,-27.13739,19.70754,94.94653,-11.22019,35.30122,93.44026,-2.936942,-0.6587793,0.06636628,-0.7494034,0.1493347,-0.4884944,-0.8596932,0.2147204,-0.355572,-0.9096503,0.2599252,-0.3925014,-0.8822594,0.171368,-0.5444902,-0.8210745,47.2674,53.33599,60.77208,58.43398,45.81116,18.36592,17.54312,17.22968,16.39513,14.56344,TRUE,FALSE,FALSE,FALSE,FALSE,
3,7.476449,565.3071,416.1096,759.7267,737.1238,424.5642,-78.23757,86.92582,2.404061,-13.43607,129.2408,-42.29406,22.66117,127.8017,-58.26756,47.93666,121.8662,-42.59567,54.34887,101.9492,-16.24779,-74.51149,87.83597,-1.865686,-16.98688,109.0676,-20.06096,7.111722,100.5101,-32.38466,24.70626,99.63066,-16.89696,40.37839,95.55428,-6.578225,-0.7030827,0.06349067,-0.708268,0.1270126,-0.4386379,-0.889643,0.2171385,-0.2881254,-0.9326493,0.2825224,-0.3355784,-0.898648,0.1908111,-0.5216019,-0.8315784,47.2674,53.33599,60.77208,58.43398,45.81116,18.36592,17.54312,17.22968,16.39513,14.56344,TRUE,FALSE,TRUE,TRUE,FALSE,
3,7.494635,350.2648,312.9791,580.0471,535.7327,344.485,-77.82127,86.52398,3.632708,-14.9653,132.1962,-42.25375,22.8278,133.5499,-58.65478,49.70705,126.144,-42.52121,57.02226,104.5189,-16.27564,-76.77746,87.09617,1.727872,-16.58049,116.8997,-27.70519,13.25278,112.9504,-42.74334,35.12268,110.6393,-27.8451,49.62262,100.3443,-12.19846,-0.7474091,0.0585341,-0.6617804,0.08549763,-0.3630034,-0.927857,0.2132159,-0.1741141,-0.9613653,0.3074447,-0.2536053,-0.9171489,0.2332673,-0.4735033,-0.8493415,47.2674,53.33599,60.77208,58.43398,45.81116,18.36592,17.54312,17.22968,16.39513,14.56344,TRUE,FALSE,TRUE,TRUE,FALSE,
3,7.512644,168.4904,248.407,456.1364,404.045,300.5499,-77.13522,86.69063,3.453362,-16.37332,134.8906,-42.10595,22.25733,138.5763,-58.84265,51.02562,130.0107,-42.39523,59.70266,107.1121,-16.35263,-76.7266,86.9598,2.454237,-16.98826,125.6009,-34.65288,17.7606,126.0608,-51.10967,43.82936,121.5697,-36.0011,56.70615,105.1633,-15.27019,-0.7496287,0.06241139,-0.6589094,0.04942621,-0.3035503,-0.9515326,0.1980952,-0.07886536,-0.9770049,0.3242927,-0.1804279,-0.9285904,0.279451,-0.4172698,-0.8647503,47.2674,53.33599,60.77208,58.43398,45.81116,18.36592,17.54312,17.22968,16.39513,14.56344,TRUE,FALSE,TRUE,TRUE,FALSE,
4,7.53073,65.42045,190.643,339.2301,298.0976,272.6877,-76.60058,86.82051,2.786295,-17.45015,136.8908,-41.96405,21.44105,142.1547,-58.8608,51.89022,132.9555,-42.18843,62.46244,109.773,-16.26389,-76.33603,86.91404,2.202517,-18.0222,133.0475,-39.30381,19.81889,136.9062,-56.24971,49.34574,130.0661,-40.38043,61.84459,109.484,-16.38216,-0.7514221,0.06463581,-0.6566483,0.02337832,-0.2611831,-0.9650061,0.1817558,-0.01475745,-0.983233,0.3347405,-0.1248452,-0.9340035,0.3284532,-0.3588307,-0.8737042,47.2674,53.33599,60.77208,58.43398,45.81116,18.36592,17.54312,17.22968,16.39513,14.56344,TRUE,FALSE,TRUE,TRUE,TRUE,
4,7.548738,14.80449,145.2701,234.5949,222.0506,233.986,-75.93214,87.01422,1.856315,-18.19245,138.4205,-41.8644,21.04039,144.2357,-58.79841,52.62122,135.1974,-42.043,65.00958,111.6266,-16.05977,-75.67578,86.82765,1.446099,-19.0817,137.7846,-41.38047,20.27382,143.4591,-58.40429,52.03135,135.3922,-41.90318,65.54074,112.5283,-16.42639,-0.7513459,0.06680037,-0.6565188,-0.000693765,-0.2277234,-0.9737256,0.1697226,0.02596982,-0.9851496,0.3404229,-0.07549222,-0.937237,0.3686393,-0.3101548,-0.8763042,47.2674,53.33599,60.77208,58.43398,45.81116,18.36592,17.54312,17.22968,16.39513,14.56344,TRUE,FALSE,TRUE,TRUE,TRUE,
5,7.566883,53.75034,114.2555,162.6591,144.9625,201.9591,-75.01629,86.83142,0.6947562,-18.87395,139.6902,-41.87203,20.82642,145.6747,-58.80808,53.26077,136.0948,-42.01951,67.59285,113.0129,-15.70866,-74.91961,86.52956,0.5678661,-19.96059,140.4312,-41.98904,20.20786,146.7904,-58.97677,53.28466,137.7242,-42.20426,68.69215,114.5224,-15.9884,-0.7457817,0.06438769,-0.6630716,-0.0252445,-0.1964785,-0.9801831,0.1605002,0.05963517,-0.9852327,0.3433759,-0.04548816,-0.9380959,0.4066454,-0.2689808,-0.8730916,47.2674,53.33599,60.77208,58.43398,45.81116,18.36592,17.54312,17.22968,16.39513,14.56344,TRUE,TRUE,TRUE,TRUE,TRUE,
5,7.575862,60.28407,100.794,131.5846,121.4412,182.2622,-74.68429,86.87318,0.1464874,-19.18705,140.1937,-41.95605,20.71839,146.1,-58.91208,53.54865,136.4767,-42.12666,68.69431,113.3452,-15.62708,-74.56598,86.40131,0.1242183,-20.31123,141.2468,-42.12657,20.12835,147.6644,-59.09497,53.69527,138.3729,-42.28437,69.97775,115.0512,-15.7983,-0.7429572,0.06620359,-0.6660569,-0.03702467,-0.1830603,-0.9824042,0.1561664,0.07255071,-0.9850627,0.3448851,-0.02894594,-0.9381984,0.4217398,-0.2534546,-0.8705724,47.2674,53.33599,60.77208,58.43398,45.81116,18.36592,17.54312,17.22968,16.39513,14.56344,TRUE,TRUE,TRUE,TRUE,TRUE,
5,7.593951,52.27946,74.64035,96.56002,91.36038,145.8043,-74.15739,86.87238,-0.5164286,-19.74382,140.9058,-42.11134,20.46275,147.0998,-59.12486,54.07444,137.32,-42.38345,70.54525,114,-15.53314,-73.96765,86.21507,-0.6042023,-20.8717,142.253,-42.30354,19.9592,148.9653,-59.25776,54.37767,139.3837,-42.46545,72.04211,115.7955,-15.5282,-0.7391606,0.0678027,-0.6701078,-0.05626493,-0.1645542,-0.984762,0.1487983,0.09775666,-0.9840237,0.3482082,-0.000826207,-0.9374169,0.4449064,-0.2307503,-0.8653396,47.2674,53.33599,60.77208,58.43398,45.81116,18.36592,17.54312,17.22968,16.39513,14.56344,TRUE,TRUE,TRUE,TRUE,TRUE,
5,7.612081,38.59667,59.06443,65.39909,57.78386,114.4379,-74.00074,86.8847,-0.8849855,-20.34132,141.4546,-42.40051,20.27263,147.6596,-59.40433,54.51679,137.4912,-42.72943,72.10569,114.1825,-15.47042,-73.63958,86.14008,-1.030795,-21.40485,142.9086,-42.57134,19.85323,149.6849,-59.44931,54.92479,139.6682,-42.72744,73.68865,116.0167,-15.32619,-0.7368047,0.07172325,-0.6722906,-0.07453809,-0.143305,-0.9868677,0.1439214,0.1186663,-0.9824485,0.3514559,0.01827124,-0.9360261,0.464589,-0.214163,-0.8592388,47.2674,53.33599,60.77208,58.43398,45.81116,18.36592,17.54312,17.22968,16.39513,14.56344,TRUE,TRUE,TRUE,TRUE,TRUE,
5,7.630218,42.47901,43.59759,39.99011,33.07808,86.28012,-73.75614,86.92106,-1.643642,-20.86955,141.6891,-42.7448,20.12255,147.8298,-59.79193,54.772,137.0653,-43.23818,73.27251,113.7096,-15.58908,-73.39246,86.11316,-1.4283,-21.82743,143.2003,-42.89079,19.8476,149.9104,-59.75025,55.26464,139.2956,-43.12613,74.9068,115.5417,-15.31544,-0.7293941,0.07860611,-0.6795626,-0.08961652,-0.1279727,-0.9877205,0.1413348,0.1368268,-0.9804606,0.353499,0.03203471,-0.9348862,0.4805456,-0.2018105,-0.8534334,47.2674,53.33599,60.77208,58.43398,45.81116,18.36592,17.54312,17.22968,16.39513,14.56344,TRUE,TRUE,TRUE,TRUE,TRUE,
5,7.648208,31.2343,33.98089,25.92325,29.09776,71.40163,-73.53902,86.89864,-1.918155,-21.39786,141.7985,-42.98939,19.89719,147.9118,-60.13884,54.9773,136.7828,-43.69907,74.32287,113.4629,-15.67608,-73.20599,86.11682,-1.724424,-22.23467,143.3226,-43.11937,19.7546,149.9627,-60.02531,55.48097,138.9083,-43.49262,75.9423,115.1976,-15.3315,-0.724924,0.08260437,-0.683858,-0.1029194,-0.1161814,-0.9878813,0.1381358,0.1500793,-0.9789764,0.3552301,0.04281903,-0.9337977,0.4943147,-0.1920256,-0.8478084,47.2674,53.33599,60.77208,58.43398,45.81116,18.36592,17.54312,17.22968,16.39513,14.56344,TRUE,TRUE,TRUE,TRUE,TRUE,
5,7.666297,36.462,34.02052,19.5645,28.34479,56.09875,-73.01991,86.75391,-2.372991,-21.85432,142.1983,-43.32224,19.79001,147.8717,-60.55803,55.28659,137.0041,-44.1112,75.10883,113.2936,-15.89549,-72.99943,86.11581,-2.000801,-22.57288,143.6852,-43.41796,19.72909,149.8839,-60.30264,55.75222,138.9561,-43.79181,76.66773,114.9314,-15.50912,-0.7188874,0.08314253,-0.6901363,-0.1144178,-0.09989893,-0.9883971,0.1361589,0.1565597,-0.9782381,0.3581169,0.05562297,-0.9320185,0.5033719,-0.1861189,-0.843787,47.2674,53.33599,60.77208,58.43398,45.81116,18.36592,17.54312,17.22968,16.39513,14.56344,TRUE,TRUE,TRUE,TRUE,TRUE,
5,7.675307,45.72994,31.67882,19.03418,27.62525,48.48209,-72.55921,86.60938,-2.709171,-22.0716,142.3036,-43.47404,19.74955,147.8945,-60.75457,55.3833,136.9629,-44.35246,75.34254,113.1012,-16.08306,-72.83142,86.10154,-2.183206,-22.72712,143.8074,-43.55449,19.73555,149.8681,-60.41388,55.86068,138.9422,-43.94891,76.86175,114.7006,-15.68946,-0.7140452,0.08249734,-0.695222,-0.119506,-0.09436023,-0.9883392,0.1357085,0.1603471,-0.9776871,0.3587964,0.05894955,-0.9315525,0.5052375,-0.1854432,-0.8428202,47.2674,53.33599,60.77208,58.43398,45.81116,18.36592,17.54312,17.22968,16.39513,14.56344,TRUE,TRUE,TRUE,TRUE,TRUE,
5,7.693348,98.93565,27.27682,23.12487,39.76187,45.99126,-70.68031,86.02135,-4.140631,-22.5046,142.0067,-43.8992,19.59544,147.7989,-61.31202,55.30921,136.2886,-45.14145,75.46222,112.3266,-16.80188,-72.15378,85.98804,-2.8078,-23.02371,143.6226,-43.88826,19.73569,149.8049,-60.63349,55.94044,138.645,-44.3672,76.90611,113.8941,-16.36188,-0.6931363,0.07884923,-0.7164809,-0.1283315,-0.09301516,-0.9873597,0.1346815,0.1670406,-0.9767079,0.3568366,0.05769422,-0.9323835,0.5038652,-0.1888486,-0.8428855,47.2674,53.33599,60.77208,58.43398,45.81116,18.36592,17.54312,17.22968,16.39513,14.56344,TRUE,TRUE,TRUE,TRUE,TRUE,
5,7.712027,209.9237,48.01225,61.31997,85.03925,74.41029,-66.08918,84.98147,-7.372977,-23.14067,141.1051,-44.69308,19.10446,146.4958,-62.46247,54.66069,134.4806,-46.50123,74.90113,110.8032,-17.96146,-70.26127,85.6235,-4.288857,-23.46014,142.9905,-44.44032,19.66815,149.5158,-60.9786,55.72677,137.7409,-45.12177,76.42793,112.579,-17.36557,-0.6395738,0.06563424,-0.7659227,-0.137724,-0.1046071,-0.9849312,0.1318245,0.1550232,-0.9790761,0.3496034,0.03987725,-0.9360487,0.4955345,-0.2046486,-0.8441353,47.2674,53.33599,60.77208,58.43398,45.81116,18.36592,17.54312,17.22968,16.39513,14.56344,TRUE,TRUE,TRUE,TRUE,TRUE,
5,7.733186,441.301,113.9686,186.0315,212.8338,139.3051,-51.04914,81.15166,-13.50551,-24.1768,138.2669,-45.92366,18.29733,141.7317,-64.54708,52.87069,129.53,-48.72324,73.35928,107.6159,-19.45679,-64.09262,84.16618,-7.87811,-24.20009,140.61,-45.56198,19.36785,147.4464,-62.12408,54.49537,134.131,-46.95597,74.94443,109.7236,-18.86887,-0.5128872,0.01585378,-0.8583096,-0.1458416,-0.1607487,-0.9761609,0.1292416,0.08815184,-0.9876871,0.3238617,-0.03497312,-0.9454578,0.4704885,-0.2513154,-0.8458612,47.2674,53.33599,60.77208,58.43398,45.81116,18.36592,17.54312,17.22968,16.39513,14.56344,TRUE,TRUE,TRUE,TRUE,TRUE,
5,7.744678,459.7428,313.7703,501.1432,534.3008,349.8823,-43.7168,78.25002,-8.172706,-25.81602,130.8845,-45.55505,15.60365,129.8853,-66.77584,48.69445,117.9808,-51.23829,69.87561,100.4446,-20.6377,-58.00663,82.26643,-8.147899,-25.14613,134.7296,-45.59248,18.40023,142.1194,-63.56729,51.74777,126.9807,-48.95638,71.51933,103.7536,-20.41517,-0.4570377,-0.1072717,-0.8829549,-0.1862752,-0.3295492,-0.9255803,0.08664176,-0.07591946,-0.9933426,0.2449635,-0.2092338,-0.9466859,0.3783168,-0.3956344,-0.8368691,47.2674,53.33599,60.77208,58.43398,45.81116,18.36592,17.54312,17.22968,16.39513,14.56344,TRUE,TRUE,TRUE,TRUE,TRUE,
5,7.756353,493.3678,438.2887,735.4908,814.5715,576.9492,-37.6307,76.98397,-3.061051,-27.71296,123.6986,-44.49056,12.42135,116.8553,-66.94129,42.98861,103.9812,-50.9335,64.08482,90.93739,-19.9445,-51.19916,80.34904,-6.363995,-26.65621,126.9854,-44.78553,16.3247,132.1206,-64.87118,46.65318,114.6174,-50.04503,65.03374,93.88931,-20.64021,-0.38073,-0.2204125,-0.8980328,-0.231218,-0.4704976,-0.8515693,0.04335684,-0.2379278,-0.9703147,0.1547839,-0.3924463,-0.9066575,0.2602969,-0.5451597,-0.796898,47.2674,53.33599,60.77208,58.43398,45.81116,18.36592,17.54312,17.22968,16.39513,14.56344,TRUE,TRUE,TRUE,TRUE,TRUE,
5,7.756353,493.3678,438.2887,735.4908,814.5715,576.9492,-37.6307,76.98397,-3.061051,-27.71296,123.6986,-44.49056,12.42135,116.8553,-66.94129,42.98861,103.9812,-50.9335,64.08482,90.93739,-19.9445,-51.19916,80.34904,-6.363995,-26.65621,126.9854,-44.78553,16.3247,132.1206,-64.87118,46.65318,114.6174,-50.04503,65.03374,93.88931,-20.64021,-0.38073,-0.2204125,-0.8980328,-0.231218,-0.4704976,-0.8515693,0.04335684,-0.2379278,-0.9703147,0.1547839,-0.3924463,-0.9066575,0.2602969,-0.5451597,-0.796898,47.2674,53.33599,60.77208,58.43398,45.81116,18.36592,17.54312,17.22968,16.39513,14.56344,TRUE,TRUE,TRUE,TRUE,TRUE,
0,7.797187,280.6483,1287.285,1553.519,1416.361,972.8877,-32.68465,81.68262,-1.06249,-7.400511,97.26865,29.96373,0.9026117,88.22474,26.96448,14.83829,88.02985,31.31911,28.61808,93.61935,26.07143,-33.73355,80.26539,-1.844605,-13.52936,95.84684,5.524858,4.806779,99.98066,-18.75148,20.31407,86.89832,-0.4408092,26.21122,87.60303,17.4295,-0.1813303,-0.2676854,-0.9462895,0.2667676,-0.5918908,0.7605922,-0.008639902,-0.7328765,0.6803068,-0.1754585,-0.733505,0.6566465,-0.3940006,-0.7225311,0.5680777,47.2674,53.33599,60.77208,58.43398,45.81116,18.36592,17.54312,17.22968,16.39513,14.56344,FALSE,FALSE,FALSE,FALSE,FALSE,
0,7.815687,228.3081,707.6453,895.6322,849.3486,626.1497,-29.91064,83.97528,-1.809476,-6.323534,97.50006,29.43012,1.863629,88.9949,27.89763,15.65584,89.77392,33.30708,29.26274,95.63857,30.40868,-30.06791,82.46234,-2.109034,-11.44487,94.89817,11.9213,3.924082,97.00065,-10.73185,18.62153,86.41565,7.427726,26.70141,90.37193,23.27123,-0.129238,-0.2548049,-0.9583173,0.2415116,-0.5441505,0.8034752,-0.001765549,-0.6368732,0.7709666,-0.164782,-0.6230643,0.7646161,-0.3552514,-0.61799,0.701345,47.2674,53.33599,60.77208,58.43398,45.81116,18.36592,17.54312,17.22968,16.39513,14.56344,FALSE,FALSE,FALSE,FALSE,FALSE,
0,7.833753,198.4308,401.5676,545.3866,564.9907,445.0645,-27.21238,84.15563,-1.35817,-6.044103,97.97507,30.49899,2.002984,89.14025,29.71013,15.61818,90.26257,36.23083,29.32334,95.92495,34.14926,-26.76127,83.31617,-1.816149,-10.40792,94.66952,14.84888,3.667869,95.94991,-6.904414,18.11159,86.66874,11.2522,27.25661,91.8698,26.568,-0.06206156,-0.2736028,-0.9598384,0.2010772,-0.5348083,0.8206997,-0.03406483,-0.5930686,0.804431,-0.1888555,-0.5505903,0.8131321,-0.3657022,-0.5502085,0.750688,47.2674,53.33599,60.77208,58.43398,45.81116,18.36592,17.54312,17.22968,16.39513,14.56344,FALSE,FALSE,FALSE,FALSE,FALSE,
0,7.851816,242.8206,235.8523,389.082,379.2202,322.7028,-22.92096,85.60077,-0.9374654,-6.192168,99.29859,31.65987,1.666744,90.45422,32.42663,14.9581,91.1208,38.75652,28.86965,96.29572,37.30247,-21.99359,84.70552,-1.29618,-9.915309,94.71447,16.42658,3.546884,95.55869,-4.927835,17.8447,86.90561,13.32624,27.45093,92.58271,28.64927,0.04013285,-0.2842167,-0.9579197,0.1518968,-0.5395116,0.8281634,-0.07271558,-0.5443582,0.8356953,-0.2316931,-0.5203024,0.8219512,-0.4003127,-0.5194424,0.7549366,47.2674,53.33599,60.77208,58.43398,45.81116,18.36592,17.54312,17.22968,16.39513,14.56344,FALSE,FALSE,FALSE,FALSE,FALSE,
0,7.86087,266.4845,212.2761,388.4179,339.9541,304.1545,-20.94364,87.59657,0.2051757,-6.68366,100.6991,33.03498,1.026919,92.11468,34.96597,14.08899,91.86558,40.53698,28.1539,96.62617,39.4272,-19.55802,86.38604,-0.3361225,-9.797845,94.81177,16.95175,3.501078,95.48924,-4.252238,17.73518,87.01383,14.03838,27.45095,92.82661,29.43632,0.09178965,-0.2803059,-0.955512,0.1222647,-0.5549085,0.8228778,-0.09298215,-0.5151258,0.8520561,-0.2586922,-0.5184268,0.8150533,-0.4240187,-0.5126219,0.7466103,47.2674,53.33599,60.77208,58.43398,45.81116,18.36592,17.54312,17.22968,16.39513,14.56344,FALSE,FALSE,FALSE,FALSE,FALSE,
0,7.878963,243.316,150.9407,294.8827,283.2891,220.6862,-17.65378,88.85704,1.719591,-7.065615,101.8329,34.26854,0.5470637,93.68557,37.6847,13.4062,92.9547,43.32836,27.49495,96.85591,41.59993,-15.83341,88.11143,1.449875,-9.660689,95.00423,17.71341,3.42748,95.43073,-3.206002,17.56326,87.20592,15.12143,27.40823,93.15699,30.57056,0.1607761,-0.2864744,-0.9445017,0.09521478,-0.5656564,0.8191257,-0.1085192,-0.4793335,0.8708978,-0.2713257,-0.4781197,0.8353346,-0.4418927,-0.4990265,0.7454551,47.2674,53.33599,60.77208,58.43398,45.81116,18.36592,17.54312,17.22968,16.39513,14.56344,FALSE,FALSE,FALSE,FALSE,FALSE,
0,7.897023,216.164,116.9488,174.108,200.1432,188.7463,-14.69518,88.67187,3.212508,-7.527685,101.5252,34.72031,-0.003342285,93.7834,38.44862,12.82539,93.22913,44.99054,26.86907,97.0098,43.88154,-12.71917,88.21469,3.148175,-9.587211,95.14141,18.23615,3.368105,95.39775,-2.451515,17.44195,87.35535,15.89583,27.3624,93.354,31.3258,0.2174307,-0.2998219,-0.9288868,0.08555615,-0.5485282,0.8317433,-0.1189015,-0.4760936,0.8713193,-0.2738461,-0.4502311,0.8498825,-0.4308294,-0.452177,0.780975,47.2674,53.33599,60.77208,58.43398,45.81116,18.36592,17.54312,17.22968,16.39513,14.56344,FALSE,FALSE,FALSE,FALSE,FALSE,
0,7.915107,179.1394,135.7155,155.6635,184.3921,164.3339,-13.3218,85.85444,5.182659,-11.99886,100.2369,34.11013,-4.732041,92.77421,38.23267,8.258399,92.347,45.63715,22.33027,95.13715,43.59447,-11.27414,86.10387,4.877479,-9.736716,95.31712,19.12866,3.090153,95.30123,-0.928638,17.13234,87.5406,16.99269,27.0247,93.49738,32.27757,0.2806483,-0.3695488,-0.8858161,0.07981211,-0.4990053,0.8629158,-0.1221616,-0.4239229,0.8974218,-0.2646162,-0.3654007,0.8924464,-0.4243922,-0.3752905,0.8240439,47.2674,53.33599,60.77208,58.43398,45.81116,18.36592,17.54312,17.22968,16.39513,14.56344,FALSE,FALSE,FALSE,FALSE,FALSE,
0,7.933221,161.7337,126.8653,135.8274,148.0546,137.4651,-10.59565,86.4801,5.862761,-14.16859,100.0061,34.01881,-7.006913,92.71574,38.20011,6.132197,92.32393,46.10295,20.15008,94.70078,43.68297,-8.596903,86.40017,5.726031,-10.44885,95.68903,21.15775,1.985982,94.99593,3.558706,16.29753,87.92789,19.34722,25.99282,93.69302,34.1724,0.3334684,-0.3744148,-0.8652239,0.08187418,-0.4885,0.8687142,-0.120958,-0.4143505,0.9020437,-0.2545963,-0.338541,0.9058536,-0.4151952,-0.3475141,0.8407419,47.2674,53.33599,60.77208,58.43398,45.81116,18.36592,17.54312,17.22968,16.39513,14.56344,FALSE,FALSE,FALSE,FALSE,FALSE,
0,7.951286,165.9861,111.0048,116.8237,118.2139,114.3072,-8.0665,86.53889,7.165883,-15.79621,99.65664,34.22038,-8.731855,92.47191,38.44186,4.556437,92.06707,46.51677,18.54172,94.20427,43.93444,-5.979806,86.79192,6.940748,-12.00896,96.22395,24.32611,-0.5307055,94.38074,12.03203,14.5132,88.61132,23.71638,23.96558,93.88335,37.11351,0.379764,-0.3878857,-0.8398356,0.08487262,-0.4798256,0.8732491,-0.1199355,-0.4054263,0.9062257,-0.2472079,-0.3209239,0.9142736,-0.4072324,-0.3253027,0.8534284,47.2674,53.33599,60.77208,58.43398,45.81116,18.36592,17.54312,17.22968,16.39513,14.56344,FALSE,FALSE,FALSE,FALSE,FALSE,
0,7.960234,149.5144,97.7255,102.8441,101.9965,99.64714,-7.20503,86.4229,7.691404,-16.32998,99.52917,34.28475,-9.299234,92.40201,38.56135,4.03772,92.00732,46.67728,18.0109,94.05371,44.05867,-5.047761,86.69816,7.579702,-13.0153,96.48434,26.06994,-2.220339,93.98576,17.18186,13.24284,89.04817,26.61724,22.68918,93.94135,38.76175,0.3920486,-0.3952189,-0.8307225,0.08539198,-0.4748311,0.8759245,-0.1199691,-0.3997994,0.9087177,-0.2452217,-0.3128714,0.9175935,-0.4048107,-0.3156373,0.8581966,47.2674,53.33599,60.77208,58.43398,45.81116,18.36592,17.54312,17.22968,16.39513,14.56344,FALSE,FALSE,FALSE,FALSE,FALSE,
0,7.978341,100.3289,67.07436,72.81586,68.8949,68.3101,-6.195186,86.41833,8.106731,-16.94009,99.36032,34.29095,-9.980393,92.38038,38.79056,3.446017,91.99446,46.87974,17.38733,93.92734,44.23613,-3.984984,86.67023,8.236431,-15.04285,96.92786,29.24468,-5.750742,93.2178,27.22206,10.20627,90.03741,33.24888,20.13097,94.00771,41.81644,0.4003173,-0.4019593,-0.8235137,0.08531016,-0.4671601,0.8800475,-0.1214714,-0.388856,0.9132556,-0.2430885,-0.3007621,0.9221985,-0.4024766,-0.3000487,0.8648603,47.2674,53.33599,60.77208,58.43398,45.81116,18.36592,17.54312,17.22968,16.39513,14.56344,FALSE,FALSE,FALSE,FALSE,FALSE,
0,7.996513,66.83777,45.50775,54.75948,45.38907,45.46484,-5.426196,86.47073,8.228111,-17.32792,99.21455,34.25383,-10.44095,92.53476,39.23875,3.072005,92.07446,46.9515,16.98739,93.91803,44.30288,-3.304382,86.72632,8.421299,-16.56167,97.23533,31.41256,-8.37297,92.80431,34.18003,7.17361,91.00117,39.5236,18.17838,94.05053,43.8813,0.4032894,-0.4069456,-0.8196054,0.08446599,-0.4565654,0.8856713,-0.1228082,-0.3711964,0.9203974,-0.2424014,-0.2903018,0.9257248,-0.4016713,-0.28671,0.8697457,47.2674,53.33599,60.77208,58.43398,45.81116,18.36592,17.54312,17.22968,16.39513,14.56344,FALSE,FALSE,FALSE,FALSE,FALSE,
0,8.014559,48.94792,34.28039,44.19822,30.27432,30.74757,-4.746915,86.4919,8.301519,-17.56309,99.0905,34.33902,-10.74862,92.74775,39.69743,2.812837,92.16248,46.93318,16.71075,93.95158,44.36817,-2.741302,86.76547,8.464084,-17.3427,97.44324,32.61993,-9.742687,92.76392,37.66247,4.798807,91.75648,44.09811,17.04286,94.10787,44.89191,0.4044636,-0.4121214,-0.8164344,0.0828315,-0.4405792,0.8938842,-0.1245787,-0.35297,0.9273038,-0.243943,-0.2813003,0.9280959,-0.40269,-0.2736958,0.8734595,47.2674,53.33599,60.77208,58.43398,45.81116,18.36592,17.54312,17.22968,16.39513,14.56344,FALSE,FALSE,FALSE,FALSE,FALSE,
0,8.032627,40.76132,33.68236,28.75034,19.99493,19.64853,-4.037415,86.74107,8.33817,-17.61466,99.14972,34.55309,-10.91855,92.98907,39.71226,2.679113,92.3177,46.75613,16.56525,94.03951,44.22832,-2.129817,86.95145,8.578314,-17.5914,97.65027,33.3013,-10.4511,92.88866,39.26336,3.37012,92.27226,46.53254,16.51705,94.19445,45.13897,0.4048669,-0.4144523,-0.8150534,0.0843825,-0.4225793,0.9023892,-0.1266112,-0.3455268,0.9298284,-0.2450686,-0.2762496,0.9293156,-0.4038299,-0.2659745,0.8753165,47.2674,53.33599,60.77208,58.43398,45.81116,18.36592,17.54312,17.22968,16.39513,14.56344,FALSE,FALSE,FALSE,FALSE,FALSE,
0,8.050714,67.72421,50.16633,48.19433,43.99234,40.89814,-3.494075,88.71961,7.541824,-17.66479,100.5796,33.96069,-11.06426,94.34731,38.9285,2.597342,93.3482,45.76187,16.47318,94.93879,43.21429,-1.622635,88.54811,7.98257,-17.7162,98.41428,33.58804,-10.9181,93.66733,39.68689,2.843653,92.96415,46.79742,16.3499,94.70767,44.601,0.4001228,-0.4038104,-0.8227022,0.08658013,-0.4353061,0.8961096,-0.1253417,-0.3591342,0.9248309,-0.2423752,-0.2894596,0.9259953,-0.4010557,-0.2743164,0.8740165,47.2674,53.33599,60.77208,58.43398,45.81116,18.36592,17.54312,17.22968,16.39513,14.56344,FALSE,FALSE,FALSE,FALSE,FALSE,
0,8.059681,97.9239,70.81048,70.73222,67.09258,64.42375,-3.106147,90.12236,6.683368,-17.52793,101.5712,33.24482,-10.97011,95.27612,38.05327,2.702323,94.12115,44.85564,16.58142,95.67277,42.29483,-1.326287,89.82694,7.29133,-17.71524,99.19243,33.41616,-10.99939,94.35381,39.34139,2.779594,93.45853,46.42441,16.36087,95.11961,44.09979,0.3993106,-0.3940832,-0.827798,0.08660704,-0.4454962,0.891085,-0.1258558,-0.3711231,0.9200152,-0.242366,-0.3004933,0.9224763,-0.4009406,-0.2836876,0.8710729,47.2674,53.33599,60.77208,58.43398,45.81116,18.36592,17.54312,17.22968,16.39513,14.56344,FALSE,FALSE,FALSE,FALSE,FALSE,
0,8.082333,160.8428,130.3997,129.1818,116.1313,96.05563,-2.00915,93.70229,3.476755,-16.85638,104.2286,30.32843,-10.69489,97.51941,34.7812,2.749153,95.47713,41.70707,16.76378,96.6469,39.61045,-0.461612,93.17535,4.533776,-17.33558,101.642,31.78929,-10.90655,96.10435,37.38772,2.789073,94.49274,44.81995,16.48022,95.89954,42.71918,0.4026462,-0.3682081,-0.8380327,0.05169464,-0.4851064,0.8729258,-0.1606769,-0.4102021,0.8977289,-0.2768105,-0.3378674,0.8995674,-0.4298378,-0.3077465,0.8488413,47.2674,53.33599,60.77208,58.43398,45.81116,18.36592,17.54312,17.22968,16.39513,14.56344,FALSE,FALSE,FALSE,FALSE,FALSE,
0,8.094945,96.29143,104.474,106.9676,118.804,95.57851,-1.65887,90.76919,2.371777,-16.82289,102.4229,28.51842,-10.81475,95.80412,33.30597,2.459864,93.76418,40.21535,16.5867,94.78336,38.44027,-0.2223512,92.00529,3.643061,-17.24312,101.6457,30.89972,-10.92964,96.02849,36.5098,2.699418,94.36346,44.02863,16.46241,95.75009,42.18078,0.4082983,-0.4033061,-0.8189241,0.03643912,-0.4531579,0.8906852,-0.17608,-0.3757655,0.909833,-0.2970102,-0.3095124,0.90332,-0.4433495,-0.2725275,0.8539144,47.2674,53.33599,60.77208,58.43398,45.81116,18.36592,17.54312,17.22968,16.39513,14.56344,FALSE,FALSE,FALSE,FALSE,FALSE,
0,8.107716,229.3566,197.4498,178.1965,173.5658,154.4917,-0.1705346,83.61959,1.482268,-16.06184,96.94949,26.25682,-9.95497,90.9754,31.69156,3.219668,89.87326,38.74889,17.37724,91.23343,37.17906,0.6297873,87.41402,2.678391,-16.97229,100.232,29.71191,-10.71821,94.67868,35.40612,2.769861,93.48104,43.05798,16.57246,95.05203,41.49483,0.4300956,-0.4597078,-0.7769727,0.03638981,-0.3713153,0.9277935,-0.1793314,-0.2999733,0.9369398,-0.3058379,-0.2439632,0.9202963,-0.4501376,-0.212979,0.8671886,47.2674,53.33599,60.77208,58.43398,45.81116,18.36592,17.54312,17.22968,16.39513,14.56344,FALSE,FALSE,FALSE,FALSE,FALSE,
0,8.13327,419.579,215.6623,206.5822,240.4313,284.6353,-11.08189,73.97223,2.318855,-20.28341,90.55817,27.36566,-13.65277,84.83904,32.36168,0.2821751,83.38306,36.89613,14.12468,83.82002,33.09038,-7.797281,75.99052,2.720741,-18.32853,94.30704,28.29937,-12.00599,88.87409,33.9869,1.928301,88.98705,40.51293,16.02882,91.36643,39.13138,0.2252723,-0.5595935,-0.7975635,0.1757814,-0.2751001,0.9452094,-0.0329239,-0.1901636,0.9812002,-0.1671859,-0.1409067,0.9758044,-0.3141516,-0.101681,0.943912,47.2674,53.33599,60.77208,58.43398,45.81116,18.36592,17.54312,17.22968,16.39513,14.56344,FALSE,FALSE,FALSE,FALSE,FALSE,
0,8.145778,505.381,438.8617,469.3525,533.8184,565.3104,-9.823129,73.07067,-11.68818,-18.28017,86.7866,14.93585,-11.7181,80.50771,19.257,2.097058,78.36702,23.53576,15.94606,79.17344,19.79702,-9.10397,74.40344,-4.988083,-18.35612,91.80048,24.25262,-11.93644,86.09634,29.30611,1.915795,86.40932,36.4533,15.97911,89.16116,35.6931,0.2091593,-0.4624568,-0.8616183,0.1681564,-0.3853217,0.9073316,-0.04109087,-0.3046741,0.9515699,-0.1789548,-0.2595315,0.9490092,-0.3312394,-0.2212639,0.9172364,47.2674,53.33599,60.77208,58.43398,45.81116,18.36592,17.54312,17.22968,16.39513,14.56344,FALSE,FALSE,FALSE,FALSE,FALSE,
0,8.157107,630.6623,584.9072,613.1302,644.5976,653.2434,-5.729812,78.93826,-23.43374,-15.78977,89.40253,3.914825,-9.635846,82.54393,7.920762,3.702334,79.59953,12.78355,17.7568,80.59143,9.80632,-8.151103,75.92372,-11.23403,-17.92084,91.2461,20.59616,-11.48367,85.34295,24.96437,2.148518,85.34887,32.84668,16.14432,88.1958,32.82015,0.266874,-0.3528005,-0.8968333,0.0927818,-0.4987849,0.8617454,-0.1197155,-0.421782,0.8987592,-0.2608503,-0.3801509,0.8873795,-0.4240452,-0.3510647,0.8348289,47.2674,53.33599,60.77208,58.43398,45.81116,18.36592,17.54312,17.22968,16.39513,14.56344,FALSE,FALSE,FALSE,FALSE,FALSE,
0,8.178653,684.945,622.2556,656.7501,746.3332,670.7344,-2.173366,87.71069,-38.6053,-15.73769,90.04713,-11.16031,-9.7435,82.55553,-8.213202,2.878107,78.70113,-4.9869,17.22943,80.95422,-5.220697,-6.386767,79.46343,-20.25629,-17.55461,90.85063,15.60474,-11.13359,84.62302,18.54699,2.258352,84.21604,27.29031,16.25283,87.34589,28.92815,0.3896702,-0.08383124,-0.9171311,0.01374769,-0.7177185,0.6961976,-0.2072794,-0.657314,0.7245506,-0.375794,-0.6586891,0.6518493,-0.5389775,-0.6153105,0.5752358,47.2674,53.33599,60.77208,58.43398,45.81116,18.36592,17.54312,17.22968,16.39513,14.56344,FALSE,FALSE,FALSE,FALSE,FALSE,
0,8.197075,536.7272,448.61,515.3669,673.1115,567.4078,-1.904821,94.68994,-42.50792,-15.86772,92.37698,-15.60549,-10.4327,84.29095,-14.2709,2.10425,80.17616,-15.05746,16.56112,81.3408,-12.92103,-5.615556,82.18208,-24.75724,-17.45072,90.85847,13.62336,-11.07543,84.5078,15.70314,2.245238,83.89529,24.46917,16.26444,87.09041,27.25263,0.4066106,0.07442936,-0.9105647,-0.04405013,-0.8422099,0.5373473,-0.2702546,-0.7807196,0.5634176,-0.4624078,-0.7852806,0.41172,-0.6189752,-0.7017223,0.3527826,47.2674,53.33599,60.77208,58.43398,45.81116,18.36592,17.54312,17.22968,16.39513,14.56344,FALSE,FALSE,FALSE,FALSE,FALSE,
0,8.215214,1163.339,971.583,1110.505,978.2801,637.7484,-37.73285,83.26424,3.58968,-22.45633,148.5423,-47.45793,17.13266,146.7605,-56.43676,49.66229,129.6187,-45.72127,68.23221,97.32259,-19.6504,-9.42018,81.73738,-21.20605,-17.9389,90.48516,12.08303,-11.30062,84.24225,14.18834,2.236914,83.67999,23.28472,16.85139,86.34486,25.14197,-0.120488,-0.328917,-0.9366409,-0.3584863,-0.7311813,-0.5803977,-0.3646251,-0.722609,-0.5872688,-0.3150072,-0.7011405,-0.639666,-0.3569902,-0.7407801,-0.5690368,47.2674,53.33599,60.77208,58.43398,45.81116,18.36592,17.54312,17.22968,16.39513,14.56344,FALSE,FALSE,FALSE,FALSE,FALSE,
4,8.233272,1087.78,875.7241,1056.903,991.1234,816.9005,-43.82767,77.84971,18.76362,-29.93838,138.1591,-45.70715,13.86386,133.5835,-56.62651,46.42342,119.1454,-45.18579,69.13014,94.05019,-15.32017,-14.58381,80.61497,-14.8354,-19.86865,91.87617,6.864689,-11.00157,84.8506,11.36964,3.448747,84.04085,20.02133,22.46281,84.74827,18.44203,-0.2826215,-0.4157981,-0.8644287,-0.329488,-0.26162,-0.9071894,-0.1190739,-0.3130173,-0.9422535,0.02698777,-0.3785504,-0.9251872,0.139685,-0.5719657,-0.8082966,47.2674,53.33599,60.77208,58.43398,45.81116,18.36592,17.54312,17.22968,16.39513,14.56344,FALSE,TRUE,TRUE,TRUE,TRUE,
4,8.251363,691.5498,776.3586,893.4968,862.4595,707.6718,-45.37059,76.42184,21.9803,-32.07817,137.3897,-43.74429,12.66025,130.8844,-55.48118,44.89979,119.0422,-44.11395,69.03583,94.51781,-14.00179,-19.18612,79.70572,-9.152109,-22.56661,97.05357,-1.68238,-9.630229,87.46787,5.73514,7.425114,86.59338,12.47524,34.86197,85.13865,7.970772,-0.32945,-0.4216057,-0.8448144,-0.2729695,0.007031898,-0.961997,0.01375072,-0.07621118,-0.9969969,0.1798628,-0.1523959,-0.9718152,0.3503183,-0.3909096,-0.8511561,47.2674,53.33599,60.77208,58.43398,45.81116,18.36592,17.54312,17.22968,16.39513,14.56344,FALSE,TRUE,TRUE,TRUE,TRUE,
4,8.26036,522.3677,681.8521,775.2657,748.4351,615.9771,-45.57448,76.10947,22.36581,-32.42776,137.5365,-43.37899,12.55045,130.878,-55.29679,44.74257,119.2744,-43.93715,69.17258,94.98186,-13.84675,-21.17719,79.30924,-6.717484,-24.22893,101.5688,-7.480877,-8.215484,90.21153,0.9797497,10.95026,89.30222,6.470276,42.43494,86.45032,2.440169,-0.3349765,-0.4231229,-0.8418776,-0.2556308,0.07760424,-0.9636548,0.04809354,-0.009561966,-0.9987971,0.2157896,-0.0885533,-0.9724162,0.4024258,-0.3324686,-0.8529468,47.2674,53.33599,60.77208,58.43398,45.81116,18.36592,17.54312,17.22968,16.39513,14.56344,FALSE,TRUE,TRUE,TRUE,TRUE,
4,8.278454,291.3016,469.0584,519.2416,510.9589,418.0203,-45.95365,75.9171,22.56224,-32.87261,138.0817,-43.03542,12.24916,131.1901,-55.19132,44.7668,119.803,-43.77217,69.33835,95.74392,-13.7393,-24.69559,78.61096,-2.452925,-27.81659,113.5662,-20.70409,-3.692587,99.19357,-12.79132,20.81811,97.61131,-9.167166,56.29675,90.28473,-6.665694,-0.3410286,-0.4232451,-0.8393826,-0.2391874,0.1496017,-0.9593794,0.08029294,0.05991721,-0.9949688,0.2560641,-0.01745688,-0.9665021,0.4560596,-0.2646394,-0.8496915,47.2674,53.33599,60.77208,58.43398,45.81116,18.36592,17.54312,17.22968,16.39513,14.56344,FALSE,TRUE,TRUE,TRUE,TRUE,
4,8.296498,166.8621,290.7682,319.2879,317.7848,258.3549,-46.37187,75.73363,22.50536,-33.04057,138.6464,-42.9239,12.10792,131.7646,-55.12735,45.0556,120.3437,-43.58062,69.47298,96.33981,-13.65271,-27.94291,77.98146,1.363219,-30.87437,125.3312,-32.25987,1.962942,110.8209,-29.17453,31.5802,107.213,-25.09363,64.71867,93.60496,-11.58242,-0.3460643,-0.4222769,-0.8378077,-0.2331382,0.1742144,-0.956711,0.09057052,0.08693174,-0.9920886,0.2751742,0.009278805,-0.9613496,0.4770032,-0.2361851,-0.8465722,47.2674,53.33599,60.77208,58.43398,45.81116,18.36592,17.54312,17.22968,16.39513,14.56344,FALSE,TRUE,TRUE,TRUE,TRUE,
4,8.314716,99.35085,180.087,190.7963,188.8528,154.7421,-46.60777,75.28377,22.44707,-32.99025,139.0917,-42.94349,12.18934,132.1325,-55.13931,45.40209,120.562,-43.47927,69.59517,96.74284,-13.64716,-31.26122,77.29869,5.164031,-32.60097,133.3623,-39.31181,6.963047,121.3012,-43.05758,39.68478,114.5168,-36.31867,68.19865,95.53621,-13.35826,-0.3485455,-0.4251815,-0.8353063,-0.2280751,0.1902552,-0.9548742,0.09677895,0.09974916,-0.9902949,0.2859827,0.01838264,-0.9580584,0.486228,-0.2215521,-0.8452792,47.2674,53.33599,60.77208,58.43398,45.81116,18.36592,17.54312,17.22968,16.39513,14.56344,FALSE,TRUE,TRUE,TRUE,TRUE,
4,8.332727,64.22712,111.3034,117.8956,120.3622,96.09644,-46.76179,74.79003,22.43395,-32.8502,139.4146,-43.0118,12.38317,132.4097,-55.15487,45.82344,120.7722,-43.38083,69.73952,97.02892,-13.64559,-34.65198,76.50565,8.996297,-33.10991,137.1783,-42.18777,10.08993,127.7754,-51.0723,43.9833,118.3441,-41.48134,69.27874,96.46158,-13.75618,-0.349587,-0.4295502,-0.8326317,-0.2242011,0.1993318,-0.9539396,0.1018922,0.1076354,-0.9889553,0.2956043,0.02654127,-0.9549417,0.4926564,-0.2110125,-0.8442532,47.2674,53.33599,60.77208,58.43398,45.81116,18.36592,17.54312,17.22968,16.39513,14.56344,FALSE,TRUE,TRUE,TRUE,TRUE,
4,8.350814,46.51317,72.09303,79.33794,82.03256,67.0066,-46.97345,74.26025,22.26394,-32.58563,139.7343,-43.19934,12.75202,132.7152,-55.20334,46.31871,120.9786,-43.27478,69.96565,97.35037,-13.60532,-38.35087,75.49989,13.06369,-32.99439,138.6284,-43.11102,11.73463,130.8129,-54.34084,45.89531,119.908,-42.99769,69.76606,97.09444,-13.76336,-0.3499661,-0.4329515,-0.8307086,-0.2194459,0.205583,-0.9537185,0.1087546,0.1147252,-0.9874262,0.3050703,0.03306728,-0.9517556,0.5008408,-0.1989552,-0.8423629,47.2674,53.33599,60.77208,58.43398,45.81116,18.36592,17.54312,17.22968,16.39513,14.56344,FALSE,TRUE,TRUE,TRUE,TRUE,
4,8.359777,43.217,60.22926,67.89512,70.40305,58.02503,-47.11703,74.0017,22.20257,-32.45576,139.8961,-43.2947,12.94811,132.8677,-55.23041,46.566,121.0868,-43.22826,70.08615,97.5116,-13.58853,-40.27642,74.91476,15.10984,-32.85501,138.9978,-43.30456,12.23121,131.5499,-54.95687,46.42657,120.2858,-43.16406,69.96235,97.37064,-13.73563,-0.3509029,-0.4345325,-0.829487,-0.2172738,0.2085055,-0.9535814,0.1122334,0.118044,-0.9866455,0.3095812,0.03624917,-0.9501818,0.5048369,-0.1932182,-0.8413123,47.2674,53.33599,60.77208,58.43398,45.81116,18.36592,17.54312,17.22968,16.39513,14.56344,FALSE,TRUE,TRUE,TRUE,TRUE,
4,8.377829,35.83801,44.29129,51.33516,51.50137,43.80465,-47.31334,73.50982,21.95222,-32.17893,140.2353,-43.53152,13.31287,133.1953,-55.35546,47.00431,121.2723,-43.24094,70.34181,97.79266,-13.66526,-43.85043,73.65521,18.72194,-32.55601,139.4761,-43.58994,12.89345,132.3499,-55.44762,47.12511,120.6816,-43.23974,70.3256,97.81283,-13.76585,-0.3511533,-0.4369369,-0.8281168,-0.2138311,0.2133103,-0.9532969,0.1173999,0.1237005,-0.9853504,0.3162059,0.04022378,-0.9478375,0.511441,-0.1836356,-0.8394677,47.2674,53.33599,60.77208,58.43398,45.81116,18.36592,17.54312,17.22968,16.39513,14.56344,FALSE,TRUE,TRUE,TRUE,TRUE,
4,8.396096,30.60661,35.93538,39.90406,41.87718,35.72894,-47.6195,73.25822,21.64133,-31.97992,140.6199,-43.76203,13.56159,133.5662,-55.50634,47.39547,121.5381,-43.29516,70.55846,98.09112,-13.79675,-46.37598,72.70811,20.85802,-32.32505,139.891,-43.83321,13.27039,132.8472,-55.64902,47.65492,121.0466,-43.26344,70.63953,98.21554,-13.85537,-0.3525755,-0.4364951,-0.8277454,-0.2112157,0.2179849,-0.9528224,0.1207392,0.1284546,-0.9843381,0.3226322,0.04544811,-0.9454327,0.5176516,-0.1746839,-0.8375693,47.2674,53.33599,60.77208,58.43398,45.81116,18.36592,17.54312,17.22968,16.39513,14.56344,FALSE,TRUE,TRUE,TRUE,TRUE,
4,8.414078,25.93632,26.6936,30.57399,31.60507,28.72824,-47.83082,73.00787,21.3749,-31.93175,140.8337,-43.98389,13.68213,133.8514,-55.67562,47.62009,121.7575,-43.41093,70.70543,98.35395,-13.97097,-47.61362,72.18078,21.54872,-32.24171,140.1379,-44.05635,13.45806,133.1909,-55.81642,47.96659,121.3336,-43.34692,70.86153,98.54662,-13.98715,-0.3522016,-0.4372158,-0.8275242,-0.2102061,0.220348,-0.9525021,0.1228491,0.1318605,-0.9836264,0.3266237,0.04909601,-0.9438785,0.5223867,-0.1678555,-0.8360243,47.2674,53.33599,60.77208,58.43398,45.81116,18.36592,17.54312,17.22968,16.39513,14.56344,FALSE,TRUE,TRUE,TRUE,TRUE,
4,8.432103,23.97262,20.28786,19.37203,21.6255,25.45091,-47.7739,72.55738,21.09967,-32.20922,140.4263,-44.44336,13.54231,133.7587,-56.13505,47.56518,121.851,-43.88141,70.67416,98.55807,-14.51309,-47.91805,71.72746,21.5514,-32.36999,139.9334,-44.36436,13.43422,133.1993,-56.1497,47.97005,121.4552,-43.73075,70.86531,98.75237,-14.43764,-0.3493502,-0.4421163,-0.8261281,-0.213626,0.211984,-0.9536387,0.1220827,0.1289851,-0.984103,0.3264852,0.04945593,-0.9439076,0.5223667,-0.1652734,-0.8365511,47.2674,53.33599,60.77208,58.43398,45.81116,18.36592,17.54312,17.22968,16.39513,14.56344,FALSE,TRUE,TRUE,TRUE,TRUE,
4,8.450216,30.17989,90.25914,103.6643,81.07681,48.08619,-47.41288,71.95667,21.29114,-33.01496,138.074,-45.76745,12.69396,130.809,-57.56601,46.62191,119.7844,-45.35421,70.06712,97.74181,-15.77543,-47.5014,71.15186,21.55513,-32.83857,138.4854,-45.21243,12.9218,131.1687,-57.15305,47.26495,120.0647,-44.78553,70.51733,98.35413,-15.24834,-0.3412927,-0.4645503,-0.8171366,-0.2229504,0.170216,-0.9598539,0.111526,0.07889733,-0.9906247,0.311799,0.01372178,-0.950049,0.51297,-0.1816729,-0.8389617,47.2674,53.33599,60.77208,58.43398,45.81116,18.36592,17.54312,17.22968,16.39513,14.56344,FALSE,TRUE,TRUE,TRUE,TRUE,
4,8.4592,64.71811,150.558,195.6799,177.7027,103.2747,-46.36456,71.75958,21.52325,-33.47075,135.6724,-46.6114,12.14503,127.3391,-58.35085,45.3588,116.6929,-46.18016,68.87637,96.29737,-16.54032,-46.41705,70.97958,21.53098,-33.19103,136.7985,-45.89171,12.46469,128.3873,-57.87846,46.1514,117.696,-45.59161,69.75723,97.54253,-15.87017,-0.3191451,-0.4844033,-0.814555,-0.2283009,0.1296451,-0.9649201,0.1039253,0.02493412,-0.9942725,0.2891343,-0.03854565,-0.9565122,0.4877713,-0.2096185,-0.8474309,47.2674,53.33599,60.77208,58.43398,45.81116,18.36592,17.54312,17.22968,16.39513,14.56344,FALSE,TRUE,TRUE,TRUE,TRUE,
4,8.477283,158.0498,203.3455,384.0879,465.8911,338.9962,-42.09343,72.2008,21.67575,-33.77312,131.0384,-48.33252,10.94889,116.9956,-59.40767,40.23806,104.0553,-46.75699,63.34306,88.54327,-17.27149,-42.16622,71.38416,21.36006,-33.70984,132.2847,-47.61737,11.18169,118.2933,-59.20098,41.35537,106.6319,-46.85657,65.236,91.8256,-17.24128,-0.2584787,-0.5312972,-0.8067912,-0.2286623,0.05859786,-0.9717406,0.08693084,-0.115298,-0.9895198,0.2104054,-0.2180937,-0.9529768,0.3821235,-0.3449329,-0.8573231,47.2674,53.33599,60.77208,58.43398,45.81116,18.36592,17.54312,17.22968,16.39513,14.56344,FALSE,TRUE,TRUE,TRUE,TRUE,
4,8.495414,187.212,817.6593,1550.067,1142.449,834.4066,-40.0155,78.78738,21.42561,-39.26404,93.93754,-7.282168,-28.4674,65.89107,3.473329,0.1085873,70.89589,-10.37331,29.17122,70.80208,-1.378464,-40.37129,75.33015,21.17253,-37.72697,120.7533,-43.14942,-14.20811,83.36772,-40.07568,21.75274,89.36485,-42.6256,50.46011,79.48111,-16.70786,-0.2722771,-0.4632776,-0.8433499,-0.3879825,-0.4387822,-0.8105183,-0.3871183,-0.7662522,-0.5128325,-0.1800936,-0.5530608,-0.8134434,-0.01912864,-0.6381258,-0.7696944,47.2674,53.33599,60.77208,58.43398,45.81116,18.36592,17.54312,17.22968,16.39513,14.56344,FALSE,TRUE,TRUE,TRUE,TRUE,
0,8.513589,371.3676,954.4628,1095.29,1095.64,907.3038,-33.83884,86.14901,18.28956,-37.21644,88.24393,4.143681,-27.43123,75.87115,4.011035,-7.863575,71.3623,-2.343597,15.0035,71.17545,7.967414,-34.66799,82.64729,19.01243,-39.33397,106.4632,-27.24869,-22.7688,79.9225,-20.79276,3.009677,80.31895,-25.21153,30.00813,74.10064,-7.398983,-0.163509,-0.3705818,-0.9142942,-0.4152206,-0.7931169,-0.4455979,-0.5093673,-0.8268377,-0.2385046,-0.4554993,-0.7098015,-0.5373102,-0.4233488,-0.6999372,-0.5752076,47.2674,53.33599,60.77208,58.43398,45.81116,18.36592,17.54312,17.22968,16.39513,14.56344,FALSE,FALSE,FALSE,FALSE,FALSE,
0,8.531598,313.354,823.1534,763.5317,939.5631,784.263,-28.60756,84.90502,16.74913,-36.8897,88.54493,4.081826,-26.71144,78.60382,2.229884,-9.465383,71.10632,0.6820425,11.74697,71.29433,10.42362,-28.34964,83.26795,16.82696,-38.24295,99.33263,-16.43891,-24.30584,80.01008,-12.30674,-3.578176,75.63942,-13.02506,19.02653,72.22605,1.85824,-0.0508828,-0.3953207,-0.9171328,-0.4169457,-0.885245,-0.2061493,-0.547855,-0.831576,-0.09130324,-0.5552982,-0.7641641,-0.3281724,-0.590737,-0.6965765,-0.4071989,47.2674,53.33599,60.77208,58.43398,45.81116,18.36592,17.54312,17.22968,16.39513,14.56344,FALSE,FALSE,FALSE,FALSE,FALSE,
0,8.549689,240.4178,545.4363,504.2234,652.5168,559.7605,-26.56671,86.27601,15.47046,-35.40673,90.62377,3.712402,-25.93554,80.19167,2.601016,-9.339255,72.25329,2.067162,11.03633,73.03524,12.47973,-25.57952,84.70325,15.54718,-37.29171,96.26666,-10.15457,-24.83684,80.11513,-7.816341,-6.374134,73.99506,-6.07197,14.11495,72.69256,7.879005,0.004192857,-0.3778506,-0.9258571,-0.4049317,-0.908316,-0.1048449,-0.5553656,-0.831212,-0.02560636,-0.5848107,-0.7749591,-0.2396557,-0.65908,-0.6816537,-0.3177449,47.2674,53.33599,60.77208,58.43398,45.81116,18.36592,17.54312,17.22968,16.39513,14.56344,FALSE,FALSE,FALSE,FALSE,FALSE,
0,8.567842,173.3903,315.7831,310.1825,469.4322,391.5299,-25.36233,87.75711,15.28397,-33.9164,92.14817,3.632089,-24.90407,81.2195,3.379235,-9.110993,72.77089,4.744262,10.73276,74.08961,15.00434,-24.39803,86.52768,15.19592,-36.47035,95.2517,-6.988546,-24.90594,80.32008,-5.548534,-7.630361,73.40169,-1.605173,11.96658,73.47809,11.86307,0.03270634,-0.363742,-0.9309254,-0.404665,-0.9101802,-0.08842102,-0.5613484,-0.8274784,-0.01293628,-0.6033559,-0.7769988,-0.1795398,-0.6907386,-0.6691544,-0.2740667,47.2674,53.33599,60.77208,58.43398,45.81116,18.36592,17.54312,17.22968,16.39513,14.56344,FALSE,FALSE,FALSE,FALSE,FALSE,
0,8.576802,146.9801,247.8593,260.2093,409.3895,332.3412,-24.80939,88.18203,15.46343,-33.2511,92.4361,3.861323,-24.49718,81.19876,4.124891,-9.033877,72.64581,6.330158,10.65997,74.28324,16.30359,-23.96855,87.25835,15.31007,-36.12883,95.01084,-6.017421,-24.88582,80.36669,-4.845561,-7.969587,73.18767,0.06051087,11.41078,73.71323,13.35135,0.04164267,-0.3532164,-0.9346144,-0.402671,-0.910835,-0.09075058,-0.5612708,-0.8275869,-0.008662338,-0.608372,-0.7780563,-0.1565629,-0.700114,-0.6655188,-0.2586989,47.2674,53.33599,60.77208,58.43398,45.81116,18.36592,17.54312,17.22968,16.39513,14.56344,FALSE,FALSE,FALSE,FALSE,FALSE,
0,8.594919,91.71819,164.3475,188.5039,299.3693,263.2688,-24.44273,88.49567,15.97544,-32.83829,92.06521,4.566766,-24.47019,80.26858,5.426768,-9.348126,71.84264,8.925356,9.814982,74.15749,18.80028,-23.82331,88.21134,15.73146,-35.6175,94.63873,-4.628426,-24.86397,80.34541,-3.887345,-8.474875,72.73769,2.587715,10.46975,73.85741,15.77393,0.04155112,-0.3366578,-0.9407098,-0.3922614,-0.915839,-0.08584815,-0.552816,-0.8333026,0.001140619,-0.6085669,-0.7850748,-0.1153422,-0.7177883,-0.6659402,-0.2032328,47.2674,53.33599,60.77208,58.43398,45.81116,18.36592,17.54312,17.22968,16.39513,14.56344,FALSE,FALSE,FALSE,FALSE,FALSE,
0,8.613011,60.03945,151.1595,166.7522,254.9735,183.0079,-24.04482,88.27885,17.01595,-32.70593,91.00954,6.093961,-24.73625,78.49487,7.090509,-9.473978,70.97154,11.76772,9.673557,74.13477,20.57008,-23.62574,88.3684,16.7028,-35.29762,94.30492,-3.592501,-24.88784,80.18736,-3.114656,-8.740308,72.37161,4.22526,9.929692,73.8662,17.4385,0.04521009,-0.3215188,-0.9458233,-0.3699409,-0.9261584,-0.07331048,-0.5338581,-0.8455725,-0.001641143,-0.5971838,-0.7982692,-0.07834424,-0.7118542,-0.678355,-0.1819285,47.2674,53.33599,60.77208,58.43398,45.81116,18.36592,17.54312,17.22968,16.39513,14.56344,FALSE,FALSE,FALSE,FALSE,FALSE,
0,8.631097,39.03492,173.6286,122.02,191.5439,157.848,-23.86436,88.1946,17.21485,-33.30477,88.87847,7.872468,-25.04699,77.29385,7.634853,-9.909141,70.24179,13.66538,8.664537,74.36131,22.25719,-23.45332,88.41016,17.02273,-35.1049,93.76319,-2.488527,-24.93908,79.9011,-2.261534,-8.947441,72.06364,5.438589,9.474942,73.90548,18.63948,0.04817896,-0.3091275,-0.9497994,-0.3409132,-0.939276,-0.03922602,-0.5106223,-0.8598046,-0.001009077,-0.5799809,-0.8134915,-0.04305684,-0.7111108,-0.6916914,-0.1260332,47.2674,53.33599,60.77208,58.43398,45.81116,18.36592,17.54312,17.22968,16.39513,14.56344,FALSE,FALSE,FALSE,FALSE,FALSE,
0,8.64912,54.84332,90.50256,61.9031,129.1396,110.5429,-23.90399,89.56182,17.31953,-34.13894,89.49191,8.054562,-25.88918,78.04908,7.589674,-10.94936,70.96549,14.54301,7.477066,75.56274,22.43973,-23.37795,89.16924,17.29505,-35.01091,93.22696,-1.413257,-25.05177,79.60589,-1.324989,-9.131445,71.89118,6.256997,8.975125,74.07681,19.55317,0.05843298,-0.2927184,-0.9544116,-0.3297507,-0.942611,-0.05243144,-0.5010443,-0.8653771,-0.008777215,-0.5738937,-0.8184936,-0.02672505,-0.7106786,-0.6952416,-0.1075873,47.2674,53.33599,60.77208,58.43398,45.81116,18.36592,17.54312,17.22968,16.39513,14.56344,FALSE,FALSE,FALSE,FALSE,FALSE,
0,8.667247,62.96692,57.57959,64.39796,90.18408,85.25532,-23.44396,90.75562,17.58575,-34.76907,90.2196,8.173879,-26.87184,78.43667,8.051432,-11.83368,71.68214,15.02635,6.442214,76.50087,22.4742,-22.95153,90.2459,17.63142,-35.00054,92.88804,-0.5620567,-25.29229,79.35317,-0.2362797,-9.341706,71.81739,6.929729,8.17346,74.51768,20.53639,0.07496821,-0.281011,-0.956772,-0.3249825,-0.9436308,-0.0628271,-0.4973581,-0.8675119,-0.00762741,-0.5721596,-0.8199148,-0.01931964,-0.7132245,-0.6942033,-0.09691542,47.2674,53.33599,60.77208,58.43398,45.81116,18.36592,17.54312,17.22968,16.39513,14.56344,FALSE,FALSE,FALSE,FALSE,FALSE,
0,8.676255,82.85012,63.1813,67.30038,76.03081,96.9474,-22.79617,91.85355,17.58763,-35.27711,91.24957,8.326571,-27.48108,79.70558,7.719095,-12.26229,73.12417,14.20201,5.677444,77.70523,22.17962,-22.39346,90.88828,17.78463,-35.02707,92.75781,-0.09566631,-25.53359,79.28387,0.5274539,-9.542063,71.84624,7.425469,7.540071,75.00296,21.07384,0.0907611,-0.2735326,-0.9575711,-0.3229382,-0.9440877,-0.06640247,-0.496876,-0.8676717,-0.01612414,-0.5720395,-0.8196539,-0.03063141,-0.716851,-0.6912934,-0.09076367,47.2674,53.33599,60.77208,58.43398,45.81116,18.36592,17.54312,17.22968,16.39513,14.56344,FALSE,FALSE,FALSE,FALSE,FALSE,
0,8.694369,128.1576,168.3401,182.8206,178.3442,174.6689,-21.91059,95.4207,17.38275,-37.23203,96.4352,7.902149,-30.00212,84.75593,6.741935,-14.85059,77.67377,12.62613,3.099867,81.60973,20.48329,-21.12037,93.04682,17.88597,-35.40433,93.01893,1.538301,-26.80686,80.17254,2.62405,-10.69235,72.69557,8.947966,5.3812,77.33362,21.58973,0.1127713,-0.2528265,-0.9609169,-0.344905,-0.9330888,-0.1019109,-0.5172811,-0.8548238,-0.04118799,-0.5928622,-0.8036948,-0.05088187,-0.7396156,-0.6667064,-0.09204017,47.2674,53.33599,60.77208,58.43398,45.81116,18.36592,17.54312,17.22968,16.39513,14.56344,FALSE,FALSE,FALSE,FALSE,FALSE,
0,8.712447,131.013,215.1956,229.9774,219.3318,195.6995,-20.94263,97.94014,17.4738,-38.84809,101.0604,7.623779,-32.1185,89.30294,5.895096,-17.10394,81.64487,11.1743,0.6622032,84.6577,19.50001,-19.91917,95.36736,17.98886,-36.56734,95.10147,3.862467,-29.2253,83.31065,4.560204,-13.05312,75.29899,10.36636,2.325338,80.90083,21.37725,0.129258,-0.2430681,-0.9613585,-0.3726442,-0.918735,-0.1306229,-0.5424204,-0.8377191,-0.06329978,-0.6169993,-0.7837445,-0.07110871,-0.7640924,-0.6394364,-0.08534481,47.2674,53.33599,60.77208,58.43398,45.81116,18.36592,17.54312,17.22968,16.39513,14.56344,FALSE,FALSE,FALSE,FALSE,FALSE,
0,8.730474,169.2929,255.9376,285.8876,268.3393,227.8667,-20.10612,101.7697,16.84279,-39.66219,106.5346,7.373936,-33.36399,95.28295,4.396765,-18.58336,86.9314,9.210141,-0.8656302,88.88591,17.70948,-18.94019,98.38148,17.69337,-38.1946,99.69056,6.050435,-31.83731,88.91002,5.163012,-15.89884,79.95624,10.66279,-0.315371,85.31194,20.11603,0.1425063,-0.2135763,-0.9664766,-0.3998196,-0.9020573,-0.162594,-0.5698366,-0.815157,-0.1039489,-0.6427951,-0.7585447,-0.1068849,-0.7865011,-0.6079351,-0.1087705,47.2674,53.33599,60.77208,58.43398,45.81116,18.36592,17.54312,17.22968,16.39513,14.56344,FALSE,FALSE,FALSE,FALSE,FALSE,
0,8.748563,187.95,272.9021,297.6602,248.5883,223.7681,-18.5603,104.5828,14.61752,-39.19339,111.0243,4.575952,-33.26416,99.85349,1.369983,-19.32484,90.39066,7.498346,-1.589938,92.02032,15.69201,-17.79412,101.1934,16.27572,-39.10429,105.2534,6.041837,-33.2086,94.65698,3.664982,-18.15504,84.91406,9.875082,-1.806034,89.19125,18.21576,0.1896501,-0.2220929,-0.9564034,-0.4276024,-0.8849207,-0.1845849,-0.5969949,-0.7909203,-0.1343213,-0.6679426,-0.7344977,-0.1198577,-0.8065957,-0.5748721,-0.1375697,47.2674,53.33599,60.77208,58.43398,45.81116,18.36592,17.54312,17.22968,16.39513,14.56344,FALSE,FALSE,FALSE,FALSE,FALSE,
0,8.766613,174.8477,245.9277,263.1789,215.5055,219.8349,-18.07166,105.4721,11.16605,-40.16835,113.2802,0.6223117,-34.30693,102.0952,-2.51195,-20.88213,92.06393,4.727371,-3.120612,93.97937,12.52897,-16.83808,102.8005,14.0062,-39.68167,109.5688,3.468651,-34.01452,98.73684,0.5823734,-19.95648,88.61066,7.950676,-3.081329,91.93204,15.62744,0.2290214,-0.2400847,-0.9433497,-0.4297717,-0.8817592,-0.1944145,-0.5994369,-0.7870677,-0.145602,-0.6703076,-0.7327661,-0.1172246,-0.8090408,-0.5694828,-0.1454036,47.2674,53.33599,60.77208,58.43398,45.81116,18.36592,17.54312,17.22968,16.39513,14.56344,FALSE,FALSE,FALSE,FALSE,FALSE,
0,8.775644,144.9138,209.3981,223.2693,181.0712,198.7684,-17.56877,104.9219,10.26231,-40.82603,113.542,-0.4396659,-34.9403,102.3881,-3.575801,-21.58642,92.23896,4.032083,-3.69513,94.44849,11.37592,-16.59395,102.9457,13.16351,-40.2204,110.6391,2.28448,-34.57653,99.74465,-0.6853375,-20.804,89.61591,7.04471,-3.694005,92.72689,14.42005,0.2452398,-0.2545582,-0.9354451,-0.4260025,-0.883917,-0.1929054,-0.5960188,-0.7900674,-0.1433703,-0.6670287,-0.7371094,-0.1083625,-0.8068578,-0.5731833,-0.1429733,47.2674,53.33599,60.77208,58.43398,45.81116,18.36592,17.54312,17.22968,16.39513,14.56344,FALSE,FALSE,FALSE,FALSE,FALSE,
0,8.795689,144.7003,161.5345,162.3077,173.7586,188.5744,-19.26628,101.3546,8.620562,-42.51304,114.7385,-1.65174,-39.06181,100.8495,-0.8793275,-25.7822,91.20865,3.505511,-7.175773,92.03938,8.989074,-16.74027,102.3119,11.93504,-41.51027,112.3164,0.4587978,-37.2147,100.1157,-0.7392135,-23.69845,90.41011,5.779805,-5.588695,92.73675,12.21792,0.1908463,-0.3185663,-0.9284897,-0.5231625,-0.8360643,-0.1652195,-0.6747513,-0.736778,-0.04323032,-0.7436047,-0.6664071,-0.05434698,-0.867412,-0.4858612,-0.1074023,47.2674,53.33599,60.77208,58.43398,45.81116,18.36592,17.54312,17.22968,16.39513,14.56344,FALSE,FALSE,FALSE,FALSE,FALSE,
0,8.818206,628.0668,609.3664,558.3859,523.2581,529.1327,-16.28514,80.33688,-0.3068781,-40.82837,92.81821,-12.7546,-37.16595,79.35255,-7.927575,-22.81827,72.34115,-4.560825,-4.138101,75.19824,-0.3665672,-16.75522,89.85593,6.649363,-41.9366,101.4371,-5.323429,-38.65321,86.02296,-2.699392,-24.62328,78.44334,1.271635,-6.253837,82.90791,6.751054,0.2030089,-0.5006991,-0.8414795,-0.4712712,-0.8814717,0.03018287,-0.6270548,-0.7652588,0.1455379,-0.7056976,-0.7028068,0.08974139,-0.8401215,-0.5422289,-0.01355178,47.2674,53.33599,60.77208,58.43398,45.81116,18.36592,17.54312,17.22968,16.39513,14.56344,FALSE,FALSE,FALSE,FALSE,FALSE,
0,8.829552,748.8865,799.3314,757.6716,725.5399,685.2698,-10.27992,75.29637,-10.62611,-35.35655,85.59526,-23.75994,-30.44145,72.65782,-19.55954,-15.52688,67.2835,-15.82052,2.481874,72.02654,-10.57471,-13.60074,82.48209,-0.6947495,-39.42092,94.78808,-12.0984,-34.89045,78.89233,-10.26802,-20.64971,73.03001,-5.997289,-3.394917,78.97276,0.880947,0.3041997,-0.4400118,-0.8448977,-0.3646242,-0.9309511,-0.01947341,-0.5402107,-0.8375173,0.08208033,-0.6226968,-0.7822503,0.01825395,-0.7677839,-0.6336752,-0.09467606,47.2674,53.33599,60.77208,58.43398,45.81116,18.36592,17.54312,17.22968,16.39513,14.56344,FALSE,FALSE,FALSE,FALSE,FALSE,
0,8.849398,492.3117,742.5433,1014.386,964.0027,747.663,-40.71587,81.51337,2.52005,-28.08099,127.8408,-44.4857,6.552994,115.5927,-53.05255,23.15702,98.5642,-45.19488,31.50434,72.37384,-20.06128,-17.83365,78.49346,-1.738442,-37.57114,90.94604,-21.94419,-28.92606,76.03355,-23.78976,-18.39568,71.38515,-12.44981,1.847877,76.03769,-3.376861,-0.00258235,-0.3730729,-0.9277984,-0.317245,-0.7637393,-0.5621902,-0.3843263,-0.8027245,-0.4559898,-0.4289319,-0.7852857,-0.4464793,-0.528081,-0.7530971,-0.3923967,47.2674,53.33599,60.77208,58.43398,45.81116,18.36592,17.54312,17.22968,16.39513,14.56344,FALSE,FALSE,FALSE,FALSE,FALSE,
3,8.86754,775.527,647.8298,1103.538,1146.862,871.7683,-49.85484,76.52743,19.65496,-34.38551,131.9598,-46.93745,9.723804,121.6201,-58.35933,37.94419,107.4471,-47.4156,49.8133,78.08891,-14.76458,-28.96271,74.1597,6.395411,-37.25784,93.04539,-25.05029,-22.12753,80.56941,-30.6012,-1.443617,76.9912,-25.48512,20.45967,73.52702,-8.248008,-0.2365887,-0.4331327,-0.8697252,-0.2590423,-0.3744882,-0.8903121,-0.09339461,-0.54653,-0.8322154,-0.07170112,-0.6133084,-0.7865823,-0.1229849,-0.7998896,-0.5874107,47.2674,53.33599,60.77208,58.43398,45.81116,18.36592,17.54312,17.22968,16.39513,14.56344,FALSE,TRUE,TRUE,TRUE,FALSE,
4,8.876512,737.1004,635.1154,1036.59,1114.163,833.4986,-50.00113,75.18779,23.1584,-35.68895,131.025,-44.94354,9.035557,122.4122,-56.97712,40.28695,109.1852,-45.67176,53.10565,80.44006,-13.16825,-33.44987,73.42529,10.72699,-37.0337,96.23479,-27.97985,-15.82321,86.41468,-36.36831,7.83552,82.34288,-30.67401,30.62136,74.58987,-9.548658,-0.293638,-0.4347547,-0.8513314,-0.260682,-0.2466807,-0.9333775,-0.03233748,-0.422513,-0.9057798,0.03478551,-0.5157652,-0.8560235,-0.003075776,-0.7673647,-0.6412036,47.2674,53.33599,60.77208,58.43398,45.81116,18.36592,17.54312,17.22968,16.39513,14.56344,FALSE,TRUE,TRUE,TRUE,TRUE,
4,8.894687,527.5876,588.0696,918.6136,944.5088,670.2212,-50.70161,74.43839,25.05692,-36.96208,132.4754,-42.50959,9.73346,129.5443,-56.09495,43.31515,114.3079,-44.35645,57.00078,83.99628,-12.34338,-40.50968,73.22367,16.96799,-36.90171,106.5889,-33.73203,-4.40058,102.0845,-45.97366,25.06589,95.90791,-38.41669,46.95995,79.42723,-11.36213,-0.3560647,-0.4116008,-0.8389295,-0.2725589,-0.07864123,-0.9589198,0.04272735,-0.1763381,-0.9834019,0.1697131,-0.333639,-0.9272985,0.1494316,-0.6831644,-0.7148123,47.2674,53.33599,60.77208,58.43398,45.81116,18.36592,17.54312,17.22968,16.39513,14.56344,FALSE,TRUE,TRUE,TRUE,TRUE,
5,8.912681,395.5886,471.6162,679.9955,706.6437,505.1637,-52.61829,75.9207,26.82101,-37.98371,134.5353,-41.35698,10.21735,132.4122,-55.49495,44.90089,117.99,-44.12206,59.55194,86.34147,-12.33423,-45.60875,74.06271,21.13569,-37.48343,119.3339,-37.95127,3.851327,117.1936,-51.80729,36.92513,108.2712,-42.50669,56.25126,84.2818,-12.38725,-0.4019341,-0.3999319,-0.8237132,-0.2923703,0.01229785,-0.9562261,0.07083353,-0.05554759,-0.9959403,0.2355971,-0.2120399,-0.9484372,0.2392513,-0.6165001,-0.7501243,47.2674,53.33599,60.77208,58.43398,45.81116,18.36592,17.54312,17.22968,16.39513,14.56344,TRUE,TRUE,TRUE,TRUE,TRUE,
5,8.930794,289.9327,346.0494,481.7356,498.5049,419.9857,-54.30273,76.87001,27.64639,-38.57648,136.5773,-40.835,10.28061,134.8131,-55.18756,45.67825,120.3269,-43.9966,62.74269,89.52837,-12.75002,-49.46063,75.13479,23.98322,-38.38271,130.0321,-39.96356,8.197992,128.4805,-54.36442,43.29235,116.7675,-43.89287,62.0805,88.89541,-13.1537,-0.4293855,-0.389063,-0.8150203,-0.3005686,0.07245771,-0.9510039,0.07968631,0.02284885,-0.9965581,0.2726212,-0.1356892,-0.9525052,0.3242137,-0.5409213,-0.7760732,47.2674,53.33599,60.77208,58.43398,45.81116,18.36592,17.54312,17.22968,16.39513,14.56344,TRUE,TRUE,TRUE,TRUE,TRUE,
5,8.948831,194.1358,246.7646,336.4692,338.746,339.702,-55.60775,77.41563,27.87579,-38.91324,138.1379,-40.70218,10.35445,136.9598,-55.07976,46.22653,122.3187,-44.03984,65.44083,92.48689,-13.24756,-52.74111,76.30717,25.99026,-39.03992,136.1664,-40.53726,9.822354,135.2052,-55.03317,45.85141,121.6807,-44.18106,66.11047,92.91282,-13.62209,-0.4458049,-0.3803155,-0.8103198,-0.3029107,0.1116003,-0.9464621,0.08577901,0.07424591,-0.9935439,0.2897355,-0.08553533,-0.953277,0.3886344,-0.4751195,-0.7894459,47.2674,53.33599,60.77208,58.43398,45.81116,18.36592,17.54312,17.22968,16.39513,14.56344,TRUE,TRUE,TRUE,TRUE,TRUE,
5,8.948831,194.1358,246.7646,336.4692,338.746,339.702,-55.60775,77.41563,27.87579,-38.91324,138.1379,-40.70218,10.35445,136.9598,-55.07976,46.22653,122.3187,-44.03984,65.44083,92.48689,-13.24756,-52.74111,76.30717,25.99026,-39.03992,136.1664,-40.53726,9.822354,135.2052,-55.03317,45.85141,121.6807,-44.18106,66.11047,92.91282,-13.62209,-0.4458049,-0.3803155,-0.8103198,-0.3029107,0.1116003,-0.9464621,0.08577901,0.07424591,-0.9935439,0.2897355,-0.08553533,-0.953277,0.3886344,-0.4751195,-0.7894459,47.2674,53.33599,60.77208,58.43398,45.81116,18.36592,17.54312,17.22968,16.39513,14.56344,TRUE,TRUE,TRUE,TRUE,TRUE,
5,8.97592,74.52577,148.2344,200.9928,180.1935,173.2249,-55.80694,77.57634,27.47886,-39.06708,139.9295,-40.65646,10.48928,139.4232,-55.0321,46.70721,124.0255,-44.25422,66.54721,93.81357,-13.77007,-55.5538,77.36829,27.23125,-39.40433,140.7018,-40.54288,10.46476,140.5558,-55.04533,47.03704,125.1418,-44.40599,68.01782,95.04262,-14.07551,-0.4466218,-0.3773373,-0.8112617,-0.3043022,0.1492576,-0.9408094,0.08966022,0.1214742,-0.9885368,0.2997129,-0.0499425,-0.9527213,0.4127934,-0.4464018,-0.7939314,47.2674,53.33599,60.77208,58.43398,45.81116,18.36592,17.54312,17.22968,16.39513,14.56344,TRUE,TRUE,TRUE,TRUE,TRUE,
5,8.994005,44.30618,120.8974,154.5797,132.1854,115.0006,-56.07053,77.79334,27.12014,-39.12109,141.2867,-40.66454,10.62303,141.0022,-55.03217,47.02386,125.1776,-44.43003,67.0957,94.47322,-14.19711,-56.25666,77.70197,27.2902,-39.43616,142.1597,-40.49929,10.61664,142.2298,-54.98182,47.36956,126.388,-44.51281,68.48007,95.71983,-14.43391,-0.4478732,-0.3739799,-0.812126,-0.3042735,0.1743659,-0.9364904,0.09243023,0.1482955,-0.9846142,0.3055746,-0.02694863,-0.9517867,0.4234653,-0.4286327,-0.7980922,47.2674,53.33599,60.77208,58.43398,45.81116,18.36592,17.54312,17.22968,16.39513,14.56344,TRUE,TRUE,TRUE,TRUE,TRUE,
5,9.012115,25.65404,98.06824,105.9635,90.65155,77.05636,-56.28705,77.91568,26.548,-39.12807,142.5307,-40.88382,10.7344,141.9662,-55.27142,47.29302,125.8696,-44.74096,67.51552,94.84211,-14.74645,-56.49565,77.81844,26.85874,-39.41618,143.6523,-40.63549,10.73111,143.4561,-55.13183,47.67435,127.2986,-44.76067,68.80933,96.17815,-14.97612,-0.4444733,-0.3734815,-0.8142205,-0.3031148,0.1959648,-0.9325874,0.09452353,0.1648815,-0.9817736,0.3106206,-0.01054535,-0.9504755,0.4322863,-0.4120286,-0.8020979,47.2674,53.33599,60.77208,58.43398,45.81116,18.36592,17.54312,17.22968,16.39513,14.56344,TRUE,TRUE,TRUE,TRUE,TRUE,
5,9.030212,32.04695,74.1581,65.63405,57.7342,63.325,-56.85059,78.50046,26.13308,-39.14944,143.3667,-41.40248,10.78917,142.2898,-55.78536,47.4914,126.0462,-45.17739,67.92577,95.2881,-15.31063,-56.75975,78.12466,26.41505,-39.42352,144.5833,-41.11388,10.77992,143.8477,-55.6087,47.92022,127.5832,-45.14664,69.15234,96.70389,-15.52804,-0.4442752,-0.3746268,-0.8138024,-0.3014553,0.2058885,-0.9309858,0.09680673,0.1710654,-0.9804922,0.316378,-0.001396247,-0.9486322,0.4448676,-0.3922722,-0.8051183,47.2674,53.33599,60.77208,58.43398,45.81116,18.36592,17.54312,17.22968,16.39513,14.56344,TRUE,TRUE,TRUE,TRUE,TRUE,
5,9.04839,28.99719,58.27998,45.2168,41.52848,56.81213,-57.0009,78.60363,25.52935,-39.26373,143.9386,-42.03201,10.74075,142.4607,-56.42151,47.59653,126.1787,-45.74254,68.29559,95.75809,-16.00927,-56.7317,78.13927,26.00155,-39.52211,145.1498,-41.70658,10.73641,144.0007,-56.18536,48.05579,127.7523,-45.63669,69.47323,97.23618,-16.15852,-0.4373059,-0.380849,-0.8146886,-0.3004601,0.2137021,-0.9295457,0.09859295,0.1765831,-0.9793354,0.3213632,0.007967401,-0.9469225,0.4573419,-0.3719303,-0.8077786,47.2674,53.33599,60.77208,58.43398,45.81116,18.36592,17.54312,17.22968,16.39513,14.56344,TRUE,TRUE,TRUE,TRUE,TRUE,
5,9.066406,31.27659,48.66842,32.76497,33.74278,62.31108,-56.73975,78.43353,25.04488,-39.43064,144.5159,-42.41174,10.62339,142.6027,-56.85471,47.6119,126.4755,-46.11626,68.80351,96.68437,-16.52394,-56.58306,78.06681,25.69725,-39.66176,145.6976,-42.09461,10.64793,144.1142,-56.57489,48.08242,128.0067,-45.9728,69.88704,98.09316,-16.65901,-0.4262891,-0.3895426,-0.8164154,-0.299857,0.2215666,-0.9278976,0.09964505,0.1798733,-0.9786299,0.3247533,0.01713823,-0.9456435,0.4726108,-0.346059,-0.8104827,47.2674,53.33599,60.77208,58.43398,45.81116,18.36592,17.54312,17.22968,16.39513,14.56344,TRUE,TRUE,TRUE,TRUE,TRUE,
5,9.075369,26.0795,47.71242,30.22158,30.03407,66.38,-56.97017,78.68615,24.89762,-39.54675,144.8716,-42.61473,10.51228,142.6335,-57.10641,47.53511,126.5527,-46.33836,68.98177,97.22004,-16.83227,-56.55773,78.06721,25.59699,-39.75636,146.007,-42.28025,10.58362,144.1284,-56.75116,48.04535,128.1022,-46.13233,70.07789,98.63399,-16.93016,-0.4260682,-0.3907761,-0.8159411,-0.2994904,0.2244408,-0.9273251,0.100044,0.1799264,-0.9785794,0.3258904,0.01980002,-0.9452002,0.4803311,-0.331212,-0.8121457,47.2674,53.33599,60.77208,58.43398,45.81116,18.36592,17.54312,17.22968,16.39513,14.56344,TRUE,TRUE,TRUE,TRUE,TRUE,
5,9.093433,32.12847,48.54064,32.88805,30.13873,67.46801,-57.53139,79.31169,24.48333,-39.83211,145.5602,-43.18927,10.20812,142.4633,-57.7895,47.21638,126.6385,-46.92933,69.18243,98.1987,-17.51431,-56.56577,78.11193,25.42758,-39.99203,146.6003,-42.78947,10.43802,144.0511,-57.12865,47.87205,128.2078,-46.50139,70.33421,99.68204,-17.53144,-0.4253194,-0.3937364,-0.814908,-0.2984338,0.22759,-0.9268981,0.1008137,0.1754461,-0.9793137,0.3269454,0.02348752,-0.9447513,0.4947834,-0.3045761,-0.8138936,47.2674,53.33599,60.77208,58.43398,45.81116,18.36592,17.54312,17.22968,16.39513,14.56344,TRUE,TRUE,TRUE,TRUE,TRUE,
5,9.111568,29.52968,44.30205,41.3184,38.13451,61.45361,-57.38186,79.36928,24.01386,-40.3162,145.9205,-43.71873,9.663248,142.0706,-58.46681,46.56828,126.4185,-47.57877,69.01411,99.0033,-18.22505,-56.56371,78.15714,25.28149,-40.34252,146.9626,-43.24899,10.23388,143.8884,-57.48223,47.55445,128.1477,-46.87611,70.26144,100.5473,-18.15599,-0.4135676,-0.4042511,-0.8158081,-0.2988017,0.2261992,-0.92712,0.0998385,0.1672176,-0.9808519,0.3240805,0.02001124,-0.9458178,0.5017055,-0.2858195,-0.8164551,47.2674,53.33599,60.77208,58.43398,45.81116,18.36592,17.54312,17.22968,16.39513,14.56344,TRUE,TRUE,TRUE,TRUE,TRUE,
5,9.129698,57.54804,51.25106,74.5345,65.05742,62.74229,-56.52007,79.2112,23.27836,-41.16467,145.8615,-44.57224,8.790855,141.0513,-59.44736,45.43713,125.6334,-48.50253,68.01475,99.24111,-19.14355,-56.49526,78.16705,25.13188,-40.84114,146.8958,-43.82224,9.875921,143.419,-57.98904,46.96434,127.84,-47.40841,69.54932,100.925,-18.89952,-0.3879962,-0.4245372,-0.818063,-0.3007229,0.2087207,-0.9305919,0.09701673,0.1391978,-0.9855008,0.3181674,0.005752099,-0.9480171,0.4969909,-0.2820974,-0.8206224,47.2674,53.33599,60.77208,58.43398,45.81116,18.36592,17.54312,17.22968,16.39513,14.56344,TRUE,TRUE,TRUE,TRUE,TRUE,
4,9.14837,108.076,81.53076,156.7987,105.7485,84.61736,-54.09623,78.54717,22.49433,-42.14463,144.6615,-45.42892,7.657083,137.9891,-60.44913,43.72188,124.2475,-49.46489,66.3964,98.83076,-20.094,-56.0812,78.09068,24.77712,-41.4342,146.0633,-44.51769,9.118886,141.5254,-58.91884,45.74228,126.9303,-48.24936,68.24149,100.7935,-19.77107,-0.3447019,-0.4546904,-0.8212413,-0.3053132,0.1637466,-0.9380677,0.0878436,0.06935304,-0.9937171,0.3010102,-0.02280635,-0.9533482,0.4788383,-0.2929578,-0.8275806,47.2674,53.33599,60.77208,58.43398,45.81116,18.36592,17.54312,17.22968,16.39513,14.56344,FALSE,TRUE,TRUE,TRUE,TRUE,
4,9.15894,103.7449,117.3356,218.4328,148.2472,110.5679,-53.21292,78.76711,22.3154,-42.71853,143.2937,-46.21224,6.862982,135.0534,-61.19227,42.34051,122.7089,-50.20405,65.08601,98.01353,-20.67056,-55.61568,78.04404,24.46307,-41.84465,145.1006,-45.0662,8.394212,139.116,-59.70628,44.52611,125.8179,-48.95038,67.06641,100.3081,-20.37786,-0.3293727,-0.4715507,-0.8180181,-0.308328,0.1247517,-0.9430646,0.0799942,0.01337061,-0.9967057,0.2843618,-0.05205262,-0.9573029,0.4619911,-0.3101583,-0.8308827,47.2674,53.33599,60.77208,58.43398,45.81116,18.36592,17.54312,17.22968,16.39513,14.56344,FALSE,TRUE,TRUE,TRUE,TRUE,
4,9.183608,152.0023,137.7354,323.8375,280.7207,223.685,-49.83211,79.17267,20.88722,-43.83124,140.5732,-48.38435,4.778553,126.4277,-63.1483,37.97286,116.23,-52.50199,60.6838,93.26615,-22.69914,-53.47055,78.03329,23.24346,-42.87498,142.3168,-46.77417,5.937371,129.5151,-62.09948,39.76638,119.9429,-51.45732,62.57397,96.60845,-22.54057,-0.2776186,-0.5125905,-0.8125139,-0.316176,0.06105056,-0.9467341,0.05726533,-0.1124183,-0.9920095,0.2267539,-0.141177,-0.9636658,0.4015154,-0.3673363,-0.8389573,47.2674,53.33599,60.77208,58.43398,45.81116,18.36592,17.54312,17.22968,16.39513,14.56344,FALSE,TRUE,TRUE,TRUE,TRUE,
4,9.196903,241.5867,142.1894,364.4379,420.1814,314.3967,-45.52958,82.12247,18.26082,-44.19094,138.9441,-49.54379,3.48323,120.941,-63.95608,34.34057,109.3185,-53.31866,57.54546,88.16698,-23.12248,-51.38175,78.71832,21.92573,-43.32929,140.9269,-47.70881,4.347136,123.1176,-63.20928,35.70345,113.2638,-52.75381,59.07336,91.88834,-23.44913,-0.2429229,-0.5060788,-0.8275703,-0.3210098,0.03644282,-0.9463745,0.04127841,-0.1712358,-0.984365,0.1740855,-0.226466,-0.9583358,0.3574255,-0.4226548,-0.8328325,47.2674,53.33599,60.77208,58.43398,45.81116,18.36592,17.54312,17.22968,16.39513,14.56344,FALSE,TRUE,TRUE,TRUE,TRUE,
4,9.210036,255.1487,1339.357,1684.918,530.402,391.4652,-41.47488,83.03451,17.53287,-48.62231,91.50948,-7.673384,-29.43074,77.5487,-11.98874,29.40598,102.2896,-52.84405,53.58608,83.33353,-22.77816,-48.39134,79.63998,20.50094,-49.27802,117.3818,-39.26276,-15.07773,96.20228,-49.60916,30.35934,105.0127,-52.94278,54.59207,86.2776,-23.54333,-0.2100281,-0.5177085,-0.8293769,-0.4759455,-0.6505308,-0.5918493,-0.3738203,-0.7189209,-0.5860128,0.1059877,-0.3131551,-0.9437693,0.2935579,-0.4810695,-0.8260726,47.2674,53.33599,60.77208,58.43398,45.81116,18.36592,17.54312,17.22968,16.39513,14.56344,FALSE,TRUE,TRUE,TRUE,TRUE,
0,9.231584,645.4932,1577.499,1657.961,1859.063,1359.213,-30.64833,78.51138,-5.309162,-20.44803,86.57822,21.15442,-14.73746,79.96503,26.9845,2.467361,85.45115,33.41962,14.85874,91.45543,29.85245,-46.1216,79.07346,17.01198,-37.56105,86.24763,-14.52839,-20.57694,73.5876,-17.55981,2.859662,71.61932,-17.21055,20.26607,71.72177,-1.13404,-0.03388423,-0.4462639,-0.8942597,-0.02918446,-0.8619459,0.5061596,-0.302516,-0.8035377,0.5126511,-0.4341016,-0.823863,0.3644249,-0.6837165,-0.6753249,0.2765284,47.2674,53.33599,60.77208,58.43398,45.81116,18.36592,17.54312,17.22968,16.39513,14.56344,FALSE,FALSE,FALSE,FALSE,FALSE,
0,9.249658,548.9854,1020.805,1158.983,1386.969,1052.521,-15.72686,73.35939,-0.1865979,-21.68516,89.32918,23.51289,-17.33894,82.25735,28.01844,-1.190457,85.83949,35.51688,9.40013,90.49117,30.35984,-38.03671,76.98545,9.938729,-31.87963,82.77109,-0.4161204,-20.90768,72.7779,-3.019526,-2.411612,71.39046,3.550412,10.15977,77.43575,14.07961,0.1284627,-0.5023796,-0.8550509,0.09846775,-0.5958408,0.7970431,-0.2125593,-0.5493472,0.8081065,-0.3412829,-0.477927,0.8093897,-0.6509539,-0.289608,0.7017024,47.2674,53.33599,60.77208,58.43398,45.81116,18.36592,17.54312,17.22968,16.39513,14.56344,FALSE,FALSE,FALSE,FALSE,FALSE,
0,9.26773,408.3251,618.9591,823.837,928.9312,727.3732,-11.56025,76.73782,2.20613,-24.84048,95.70936,23.40789,-19.79221,90.24931,29.98938,-4.591359,89.83921,36.10547,5.878988,93.10716,30.49055,-26.65426,76.77136,4.675991,-30.26688,85.34048,5.849044,-21.25192,75.75843,4.001241,-4.260599,75.63342,12.94132,6.342624,84.21208,21.51084,0.2119814,-0.5068567,-0.8355598,0.09316219,-0.5511315,0.8292013,-0.1642372,-0.419573,0.89274,-0.2728459,-0.3220651,0.906548,-0.5690101,-0.1259065,0.8126346,47.2674,53.33599,60.77208,58.43398,45.81116,18.36592,17.54312,17.22968,16.39513,14.56344,FALSE,FALSE,FALSE,FALSE,FALSE,
0,9.276757,353.9666,514.5007,723.3645,749.2883,591.1236,-10.89624,78.83689,2.764686,-25.91098,99.1292,23.77853,-20.36218,94.16319,30.94712,-6.012808,91.47198,36.12162,4.566428,94.27076,30.56535,-21.39486,77.57008,3.379991,-29.93687,86.76503,7.719668,-21.30628,77.34785,6.374488,-4.778966,77.43182,15.69954,5.219307,86.74934,23.66174,0.2264272,-0.5069875,-0.8316817,0.07475476,-0.5699927,0.818242,-0.1387174,-0.3840343,0.9128391,-0.2538275,-0.3015895,0.9190296,-0.5428439,-0.09883268,0.833998,47.2674,53.33599,60.77208,58.43398,45.81116,18.36592,17.54312,17.22968,16.39513,14.56344,FALSE,FALSE,FALSE,FALSE,FALSE,
0,9.294862,264.173,468.6275,576.5837,509.9227,436.5485,-13.43111,85.61002,3.332121,-27.83413,107.0777,25.93957,-22.48921,101.2992,33.11555,-9.645063,95.37322,37.03191,1.336745,97.17592,32.03826,-15.71362,82.28136,2.797035,-29.65755,90.56149,11.19439,-21.53509,81.01448,10.63128,-5.9904,80.73576,19.75618,2.875905,91.06307,26.91735,0.2134368,-0.4810274,-0.8503278,0.001844659,-0.6237491,0.7816225,-0.1533143,-0.397921,0.9045184,-0.2889606,-0.3328136,0.8976285,-0.53902,-0.08563652,0.8379283,47.2674,53.33599,60.77208,58.43398,45.81116,18.36592,17.54312,17.22968,16.39513,14.56344,FALSE,FALSE,FALSE,FALSE,FALSE,
0,9.31293,292.2768,438.1383,449.5891,375.3468,335.7475,-14.56775,92.04048,4.900382,-29.28086,112.6718,29.61356,-24.16167,105.9188,35.87887,-12.00141,98.69886,38.37291,-1.06164,100.2122,33.3485,-14.12199,89.1023,4.064466,-29.65996,95.52609,15.25844,-22.00029,85.36905,15.06839,-7.474194,84.29031,23.33017,0.4978445,95.10886,29.40859,0.1920173,-0.4176048,-0.8881079,0.005319987,-0.6616533,0.7497911,-0.1383458,-0.4533094,0.8805515,-0.2788029,-0.3868395,0.8789904,-0.5101039,-0.1221236,0.8513988,47.2674,53.33599,60.77208,58.43398,45.81116,18.36592,17.54312,17.22968,16.39513,14.56344,FALSE,FALSE,FALSE,FALSE,FALSE,
0,9.331037,227.9963,338.3515,319.0415,271.6401,255.4754,-14.0878,94.25642,6.731919,-30.41449,114.5571,32.86028,-25.44551,107.3471,38.41003,-13.42311,100.0092,40.17409,-2.532112,101.7073,35.282,-13.11287,92.6023,5.848228,-29.84575,100.1114,19.3889,-22.64532,89.59724,19.48846,-9.05764,87.72807,26.80109,-1.467671,98.02251,31.60913,0.2092325,-0.3816878,-0.9002978,0.03112284,-0.6744525,0.737662,-0.1236628,-0.4893136,0.8632959,-0.2662782,-0.4245992,0.8653389,-0.4960469,-0.1625887,0.8529375,47.2674,53.33599,60.77208,58.43398,45.81116,18.36592,17.54312,17.22968,16.39513,14.56344,FALSE,FALSE,FALSE,FALSE,FALSE,
0,9.349068,144.4912,209.8171,191.0186,176.3433,166.3953,-13.03841,94.72187,7.646374,-30.79789,115.169,33.82098,-25.8993,107.822,39.15126,-13.79975,100.6358,40.98508,-2.879681,102.4826,36.23178,-12.0866,93.84731,7.251885,-30.07738,103.5487,22.71891,-23.25942,93.06463,23.25587,-10.33614,90.61076,29.81841,-2.504881,99.94372,33.40299,0.2378285,-0.3731738,-0.8967602,0.03498016,-0.680867,0.7315713,-0.1279086,-0.5063764,0.8527733,-0.2636148,-0.436976,0.8599763,-0.4969054,-0.1829741,0.8482956,47.2674,53.33599,60.77208,58.43398,45.81116,18.36592,17.54312,17.22968,16.39513,14.56344,FALSE,FALSE,FALSE,FALSE,FALSE,
0,9.367172,94.83003,140.9887,108.6286,111.3044,105.9282,-12.24203,94.54457,8.582232,-30.67276,115.5285,34.84736,-26.18516,107.8605,39.52853,-14.07811,100.5186,41.62492,-3.070471,102.2942,37.06236,-11.40392,93.63633,8.286904,-30.20301,106.0726,25.25873,-23.8277,95.95161,26.38343,-11.22987,92.67386,32.11832,-2.981466,100.8497,34.57531,0.261657,-0.3708504,-0.8910699,0.02322237,-0.6936648,0.7199234,-0.1511785,-0.5338218,0.8319731,-0.2741266,-0.4533035,0.8481572,-0.5025301,-0.201223,0.8408167,47.2674,53.33599,60.77208,58.43398,45.81116,18.36592,17.54312,17.22968,16.39513,14.56344,FALSE,FALSE,FALSE,FALSE,FALSE,
0,9.376132,95.02324,129.0729,92.31516,96.3128,99.12612,-11.78614,95.10654,9.172967,-30.42002,115.4993,35.84706,-25.98546,107.7262,40.23877,-13.82856,100.4168,42.30972,-2.775498,102.3382,37.91233,-11.1572,93.87359,8.716784,-30.21653,106.9057,26.21744,-24.02069,96.96455,27.56793,-11.4945,93.31524,32.9268,-3.035233,101.0637,35.06461,0.2690351,-0.3508013,-0.8969719,0.02469275,-0.7063767,0.7074053,-0.1547691,-0.5537643,0.8181636,-0.2768493,-0.4729505,0.8364642,-0.5033772,-0.2222154,0.835004,47.2674,53.33599,60.77208,58.43398,45.81116,18.36592,17.54312,17.22968,16.39513,14.56344,FALSE,FALSE,FALSE,FALSE,FALSE,
0,9.394277,75.39713,115.9351,91.77077,101.0202,118.501,-11.40615,94.84697,10.87827,-29.6602,114.878,37.87364,-25.46254,107.0197,42.19856,-13.42144,99.6591,44.47876,-2.187493,101.4855,40.62014,-11.10991,94.09995,9.560495,-30.16363,107.8541,27.53893,-24.19614,98.0633,29.06413,-11.75009,93.98093,33.99416,-2.984835,101.149,35.94529,0.2788369,-0.3422063,-0.8972986,0.001791205,-0.707184,0.7070273,-0.1831875,-0.5575011,0.8097128,-0.3056919,-0.4756544,0.8248063,-0.5270534,-0.2227155,0.8201296,47.2674,53.33599,60.77208,58.43398,45.81116,18.36592,17.54312,17.22968,16.39513,14.56344,FALSE,FALSE,FALSE,FALSE,FALSE,
0,9.412364,48.06238,86.32964,73.53933,77.93755,99.34297,-11.82601,94.79892,11.26358,-29.2299,114.5726,38.85941,-25.20124,106.6315,43.19103,-13.29018,99.16491,45.45893,-1.944585,100.8202,41.98812,-11.39881,94.34007,9.973947,-30.10321,108.3059,28.2891,-24.26015,98.54744,29.83319,-11.85639,94.26233,34.56602,-2.923138,101.1034,36.51852,0.2753865,-0.340668,-0.8989481,-0.01495154,-0.7051361,0.7089143,-0.200749,-0.5544318,0.8076541,-0.3238935,-0.4723078,0.8197672,-0.5390977,-0.215151,0.8142995,47.2674,53.33599,60.77208,58.43398,45.81116,18.36592,17.54312,17.22968,16.39513,14.56344,FALSE,FALSE,FALSE,FALSE,FALSE,
0,9.430454,37.96647,51.79874,34.09247,39.65757,61.66619,-12.21144,95.13524,11.19323,-28.96665,114.9238,39.10139,-25.12431,106.9115,43.16539,-13.24907,99.29741,45.49146,-1.813199,100.8083,42.3419,-11.85714,94.69601,10.21511,-30.05491,108.5909,28.76018,-24.29082,98.79762,30.22631,-11.90796,94.40577,34.86288,-2.883196,101.0723,36.84034,0.2692414,-0.3436402,-0.899678,-0.0247883,-0.7055588,0.7082177,-0.2146397,-0.5564162,0.8027022,-0.3340135,-0.4715157,0.8161544,-0.5418605,-0.2088984,0.8140938,47.2674,53.33599,60.77208,58.43398,45.81116,18.36592,17.54312,17.22968,16.39513,14.56344,FALSE,FALSE,FALSE,FALSE,FALSE,
0,9.448488,58.13522,53.20464,47.30415,33.73954,34.24666,-12.64796,96.43356,10.78595,-28.78626,116.5484,38.64873,-25.32137,108.423,42.23753,-13.48896,100.4696,44.98542,-1.931805,101.6803,42.19281,-12.4678,95.57144,10.22378,-29.95548,109.1858,29.53377,-24.38005,99.50308,31.10861,-11.98597,94.64659,35.25318,-2.855897,101.075,37.04927,0.2634224,-0.3513492,-0.8984222,-0.04944301,-0.708914,0.7035598,-0.2456392,-0.5599805,0.7912542,-0.35391,-0.4667023,0.8105163,-0.5504665,-0.1959418,0.8115377,47.2674,53.33599,60.77208,58.43398,45.81116,18.36592,17.54312,17.22968,16.39513,14.56344,FALSE,FALSE,FALSE,FALSE,FALSE,
0,9.466545,89.64549,102.4377,104.5639,76.31127,58.17503,-12.82661,98.70118,10.00433,-28.5048,119.1953,37.74968,-25.43338,110.9343,40.81673,-13.64494,102.5498,44.09663,-1.965848,103.4364,41.69286,-13.01639,97.50415,9.741972,-29.69322,111.0999,31.18378,-24.59797,101.2372,32.56837,-12.26538,95.69328,36.39856,-2.798909,101.2865,37.54163,0.2593681,-0.357638,-0.8971194,-0.08160009,-0.7186413,0.6905766,-0.2820545,-0.5673729,0.7736493,-0.376285,-0.464967,0.8013834,-0.5600658,-0.1851405,0.8074957,47.2674,53.33599,60.77208,58.43398,45.81116,18.36592,17.54312,17.22968,16.39513,14.56344,FALSE,FALSE,FALSE,FALSE,FALSE,
0,9.484645,82.04017,96.41406,100.4214,78.24223,59.43436,-12.56312,99.88013,9.114925,-28.34527,120.7206,37.18828,-25.50372,112.4,39.9136,-13.80279,103.7666,43.25511,-2.022862,104.4586,41.12609,-12.856,99.08349,8.889874,-29.29341,114.255,33.12045,-24.89511,103.8725,34.16084,-12.73136,97.67294,37.94874,-2.693051,101.9984,38.35341,0.2628559,-0.3671635,-0.8922431,-0.09672619,-0.7221136,0.6849788,-0.299779,-0.5698113,0.7651455,-0.3908367,-0.465717,0.7939486,-0.5667078,-0.1798638,0.8040469,47.2674,53.33599,60.77208,58.43398,45.81116,18.36592,17.54312,17.22968,16.39513,14.56344,FALSE,FALSE,FALSE,FALSE,FALSE,
0,9.502685,105.9177,90.71106,95.21505,91.91099,72.47295,-12.14925,101.4921,7.73253,-28.13878,122.0139,36.35788,-25.38271,113.6636,38.88515,-13.77933,104.9742,41.75786,-1.897006,105.5574,40.02665,-12.38478,100.6044,7.679536,-28.84355,117.599,34.45513,-25.14381,106.7813,35.37745,-13.14845,99.78323,38.88628,-2.538845,103.0834,38.82833,0.2629443,-0.3627581,-0.8940173,-0.1013844,-0.7258397,0.6803513,-0.3059567,-0.5733023,0.7600756,-0.4040735,-0.4733292,0.7827414,-0.5746499,-0.1818442,0.7979412,47.2674,53.33599,60.77208,58.43398,45.81116,18.36592,17.54312,17.22968,16.39513,14.56344,FALSE,FALSE,FALSE,FALSE,FALSE,
0,9.5118,117.5898,78.86379,85.3523,90.92275,84.20641,-11.9183,102.2648,6.799366,-28.13967,122.2334,35.87138,-25.31842,113.8962,38.30217,-13.64671,105.3074,40.97683,-1.773914,105.9827,39.08168,-12.16158,101.4058,6.910949,-28.68829,118.909,34.74354,-25.23366,108.0381,35.72717,-13.28059,100.6499,39.04624,-2.458127,103.6005,38.74139,0.2640753,-0.3532398,-0.8974887,-0.0938651,-0.7298864,0.6770932,-0.3004237,-0.5796291,0.7574798,-0.4016406,-0.4819701,0.7787103,-0.581645,-0.1923473,0.7903743,47.2674,53.33599,60.77208,58.43398,45.81116,18.36592,17.54312,17.22968,16.39513,14.56344,FALSE,FALSE,FALSE,FALSE,FALSE,
0,9.531874,154.4196,132.3282,124.6256,146.5131,175.5436,-12.92103,100.9697,2.505783,-29.04827,120.0096,32.07802,-25.37882,112.1149,34.81545,-13.00778,104.7712,36.87161,-1.302708,106.3281,33.97457,-12.67339,101.9712,4.639969,-28.81666,119.7689,34.13471,-25.38834,109.2983,35.61815,-13.38301,101.6564,38.65117,-2.323344,104.2982,37.71347,0.2444743,-0.3676041,-0.8972734,0.002438334,-0.6918873,0.7220015,-0.2139221,-0.5555907,0.8034652,-0.332618,-0.4731108,0.8158011,-0.5542893,-0.2024132,0.8073365,47.2674,53.33599,60.77208,58.43398,45.81116,18.36592,17.54312,17.22968,16.39513,14.56344,FALSE,FALSE,FALSE,FALSE,FALSE,
0,9.54301,226.5539,198.2099,164.8543,149.8187,190.3098,-17.13133,96.48767,1.9469,-31.29832,115.1838,32.48835,-26.62641,107.8201,35.20924,-13.56811,101.7135,36.02056,-2.405364,104.1136,31.69081,-14.25794,100.4706,3.463219,-29.49278,118.6383,33.6292,-25.66994,109.0335,35.41155,-13.45226,101.6408,38.28259,-2.370423,104.2569,37.07908,0.1752256,-0.389656,-0.9041373,0.1425662,-0.6449255,0.7508302,-0.07602574,-0.5234041,0.8486862,-0.2046314,-0.4549892,0.8666665,-0.455681,-0.2067346,0.8658034,47.2674,53.33599,60.77208,58.43398,45.81116,18.36592,17.54312,17.22968,16.39513,14.56344,FALSE,FALSE,FALSE,FALSE,FALSE,
0,9.566936,459.1955,483.3162,437.9878,391.7481,393.6932,-17.65119,82.47803,-5.243241,-28.49467,100.9967,23.44679,-23.03607,94.98195,27.60495,-9.519656,90.71313,29.28388,1.440984,93.54643,24.51764,-16.94587,90.87931,-1.598345,-29.38102,110.5443,28.96613,-25.01073,103.884,32.45778,-12.70248,99.06076,35.94887,-1.803514,102.3337,34.60312,0.165128,-0.4855285,-0.858484,0.190234,-0.4694976,0.8621966,-0.04436605,-0.3587757,0.9323688,-0.1881608,-0.3138296,0.9306484,-0.4784466,-0.1104546,0.8711421,47.2674,53.33599,60.77208,58.43398,45.81116,18.36592,17.54312,17.22968,16.39513,14.56344,FALSE,FALSE,FALSE,FALSE,FALSE,
0,9.579124,577.2549,633.5215,603.3629,564.2358,553.3249,-10.95183,83.46498,-17.99619,-23.64035,99.26443,10.98052,-18.52234,93.16531,15.38935,-5.209162,89.04375,18.1051,6.121611,92.19331,14.37981,-15.71891,88.95963,-6.765256,-27.8638,107.4402,23.94661,-23.63283,101.4285,28.47112,-11.67056,97.55621,33.2163,-0.9978257,101.208,32.34459,0.2535088,-0.4277842,-0.8676024,0.1056383,-0.5093139,0.8540725,-0.1384567,-0.407557,0.9026223,-0.2857542,-0.3702764,0.8838778,-0.584315,-0.1794957,0.7914274,47.2674,53.33599,60.77208,58.43398,45.81116,18.36592,17.54312,17.22968,16.39513,14.56344,FALSE,FALSE,FALSE,FALSE,FALSE,
0,9.601984,760.2294,712.8005,733.1762,750.5665,667.8038,-4.645299,92.62524,-37.53514,-21.4165,98.15443,-7.445789,-16.41321,91.31731,-4.162541,-3.379937,87.17456,-2.18049,8.290897,91.75967,-2.943114,-12.88046,88.83748,-15.24932,-25.74312,103.8569,15.37476,-21.58763,98.28551,20.96799,-10.08275,95.49154,27.75798,0.2929287,99.78443,28.1631,0.3951761,-0.1453148,-0.9070389,0.02976858,-0.7310342,0.6816912,-0.2271089,-0.657161,0.7187218,-0.3901973,-0.6462957,0.6557804,-0.6946208,-0.4479933,0.5628533,47.2674,53.33599,60.77208,58.43398,45.81116,18.36592,17.54312,17.22968,16.39513,14.56344,FALSE,FALSE,FALSE,FALSE,FALSE,
0,9.612113,500.6119,998.8231,1194.805,1169.872,743.4314,-35.31461,94.53104,-8.475595,-22.66628,134.4379,-41.02571,7.114689,125.1205,-51.40452,27.50253,114.1594,-44.95091,39.92485,95.32543,-19.21676,-15.15827,89.75168,-15.43268,-26.10854,102.8537,11.64645,-21.49334,97.15862,17.20829,-9.802249,94.61041,25.08143,0.9354926,99.10759,26.38134,0.1603044,-0.1095827,-0.9809659,-0.1547305,-0.9841214,-0.08696888,-0.3823846,-0.9212885,-0.07077756,-0.4763332,-0.8640676,-0.1627692,-0.7017201,-0.6961557,-0.1515129,47.2674,53.33599,60.77208,58.43398,45.81116,18.36592,17.54312,17.22968,16.39513,14.56344,FALSE,FALSE,FALSE,FALSE,FALSE,
0,9.630997,802.6288,1002.262,1261.806,1266.851,881.366,-42.05807,87.94949,10.65816,-29.63094,142.1799,-46.75827,9.623486,134.6955,-57.20498,35.5677,124.146,-50.34628,53.12001,100.5772,-21.10444,-20.84593,89.99644,-10.45381,-26.40553,103.3633,8.94981,-20.34606,97.37279,11.21846,-8.274669,94.51687,20.3435,4.775981,97.92529,21.39317,-0.02661426,-0.1267937,-0.991572,-0.1823792,-0.5748339,-0.7976865,-0.1609885,-0.6043905,-0.7802531,-0.1298334,-0.5478376,-0.8264486,-0.2047293,-0.6956092,-0.6886318,47.2674,53.33599,60.77208,58.43398,45.81116,18.36592,17.54312,17.22968,16.39513,14.56344,FALSE,FALSE,FALSE,FALSE,FALSE,
3,9.649026,545.0187,850.5483,1101.214,1096.714,799.4636,-39.6799,85.07441,13.97266,-32.31139,142.8437,-44.48128,9.380333,139.4841,-55.53579,36.54505,129.6078,-47.26042,56.8338,103.9964,-19.85459,-24.21045,89.2084,-5.913099,-27.09241,105.919,3.090308,-18.17089,99.75024,4.80675,-4.853786,96.45014,13.82249,13.63807,97.80024,13.26315,-0.0544747,-0.1449407,-0.9879396,-0.1926706,-0.2367852,-0.9522662,-0.02184194,-0.2907012,-0.9565645,0.04803462,-0.2913632,-0.9554058,0.0616099,-0.5510756,-0.8321778,47.2674,53.33599,60.77208,58.43398,45.81116,18.36592,17.54312,17.22968,16.39513,14.56344,FALSE,TRUE,TRUE,TRUE,FALSE,
4,9.667135,323.0534,670.0836,837.4517,829.9996,655.5916,-39.84283,85.1926,14.82366,-33.63946,145.3619,-43.45924,9.341808,142.9555,-55.05116,36.8838,133.2945,-46.37629,60.81039,107.2067,-19.63604,-26.35307,88.62863,-2.889776,-28.29488,111.779,-5.489783,-14.20374,105.4422,-4.954755,1.955108,101.8041,2.856251,27.81201,99.72749,2.366768,-0.06609102,-0.1515534,-0.986237,-0.2121521,-0.05023641,-0.9759446,0.03365387,-0.1064777,-0.9937454,0.1203481,-0.14208,-0.9825119,0.2247955,-0.419046,-0.8796973,47.2674,53.33599,60.77208,58.43398,45.81116,18.36592,17.54312,17.22968,16.39513,14.56344,FALSE,TRUE,TRUE,TRUE,TRUE,
4,9.676105,243.8934,585.7255,711.4947,708.798,586.1746,-39.93259,85.18117,14.90044,-34.14964,146.7358,-43.10813,9.379116,144.2701,-54.88352,37.09864,134.9171,-46.1749,62.546,108.6789,-19.4743,-27.15625,88.41497,-1.762716,-29.17425,116.3092,-10.92501,-11.45183,109.8162,-11.24647,6.722841,106.0931,-4.261956,35.93487,101.5481,-3.087088,-0.06975127,-0.15285,-0.9857848,-0.2199787,0.0152309,-0.9753858,0.04909565,-0.04729835,-0.9976735,0.1418255,-0.08784155,-0.9859865,0.2851022,-0.365106,-0.8862361,47.2674,53.33599,60.77208,58.43398,45.81116,18.36592,17.54312,17.22968,16.39513,14.56344,FALSE,TRUE,TRUE,TRUE,TRUE,
4,9.694168,136.148,424.3898,522.0041,514.9896,447.6827,-40.15736,85.1609,14.73702,-34.91859,148.9299,-42.62158,9.351582,147.3019,-54.55732,37.86506,137.7286,-45.78639,65.17472,110.8616,-19.13982,-28.5346,88.04691,0.1025808,-31.41007,127.9928,-22.90627,-4.776042,121.6351,-25.77792,18.08426,117.4203,-20.01736,51.41259,106.2569,-11.95343,-0.07650145,-0.1541598,-0.9850798,-0.2318859,0.1032099,-0.9672521,0.06669962,0.04936007,-0.9965515,0.1751371,-0.004319966,-0.9845346,0.3729603,-0.2824495,-0.8838116,47.2674,53.33599,60.77208,58.43398,45.81116,18.36592,17.54312,17.22968,16.39513,14.56344,FALSE,TRUE,TRUE,TRUE,TRUE,
4,9.712256,73.61342,295.2303,367.0869,365.392,325.0646,-40.25997,85.08153,14.36302,-35.3766,150.7706,-42.26928,9.223306,149.798,-54.32026,38.78757,139.9095,-45.44787,67.07181,112.4018,-18.83204,-29.90717,87.66638,1.847418,-33.62908,139.8763,-33.0632,1.767563,135.0753,-39.42086,28.88561,129.2923,-33.3891,62.24554,110.6247,-16.63019,-0.08222378,-0.1564608,-0.9842557,-0.2373991,0.1554359,-0.9588959,0.07292868,0.1116778,-0.9910648,0.1997332,0.05065453,-0.9785401,0.4277988,-0.2289317,-0.8744017,47.2674,53.33599,60.77208,58.43398,45.81116,18.36592,17.54312,17.22968,16.39513,14.56344,FALSE,TRUE,TRUE,TRUE,TRUE,
4,9.730396,30.15103,198.5775,243.8381,226.8087,210.9582,-39.50583,84.78036,13.28361,-35.69304,152.0353,-42.43565,9.302125,151.2895,-54.43921,39.46928,140.6554,-45.48377,68.05555,113.1575,-18.76919,-31.53973,87.05589,3.930343,-35.16583,148.2443,-39.10636,6.337537,145.5467,-48.55674,36.06001,137.3762,-41.24818,67.59496,113.276,-18.16894,-0.07340554,-0.1663264,-0.9833347,-0.238916,0.1845466,-0.9533424,0.07980443,0.1446133,-0.9862648,0.2164615,0.07182248,-0.9736457,0.4594527,-0.1994212,-0.8655255,47.2674,53.33599,60.77208,58.43398,45.81116,18.36592,17.54312,17.22968,16.39513,14.56344,FALSE,TRUE,TRUE,TRUE,TRUE,
4,9.748498,45.89125,135.4681,145.8834,133.689,121.8324,-38.97749,84.2015,11.98962,-35.86141,152.9184,-42.98269,9.450919,151.7266,-54.84689,40.22522,140.5502,-45.58894,68.52736,113.0489,-18.69349,-33.35129,86.04645,6.144143,-35.91095,152.4724,-41.83659,8.572638,150.9253,-52.93888,39.65248,140.718,-44.37666,69.43283,114.0863,-18.43594,-0.05972172,-0.1776702,-0.9822763,-0.2353544,0.2070692,-0.949595,0.08800788,0.1604418,-0.9831139,0.2358506,0.08223531,-0.9683036,0.4807606,-0.180896,-0.8579894,47.2674,53.33599,60.77208,58.43398,45.81116,18.36592,17.54312,17.22968,16.39513,14.56344,FALSE,TRUE,TRUE,TRUE,TRUE,
4,9.766549,60.64352,96.86124,83.64455,81.27791,72.39662,-38.36599,83.50928,10.88152,-35.87961,153.7148,-43.36126,9.627228,151.8241,-55.26264,40.94339,140.2273,-45.77289,68.96452,112.9142,-18.74219,-34.51982,85.04635,7.364151,-36.10001,154.4455,-42.89267,9.446342,152.747,-54.61473,41.35163,141.3193,-45.3089,70.06089,114.1648,-18.49609,-0.05380236,-0.1875587,-0.9807788,-0.2329529,0.2269026,-0.9456469,0.09263867,0.1685398,-0.9813319,0.24965,0.08591339,-0.9645174,0.4935911,-0.1689662,-0.8531227,47.2674,53.33599,60.77208,58.43398,45.81116,18.36592,17.54312,17.22968,16.39513,14.56344,FALSE,TRUE,TRUE,TRUE,TRUE,
4,9.775528,57.86583,81.86772,62.55552,68.57059,58.99615,-37.93282,83.29463,10.62465,-35.87989,154.0619,-43.39126,9.672349,151.8441,-55.40112,41.27718,140.2106,-45.83467,69.19678,112.9821,-18.79851,-34.8591,84.56548,7.774302,-36.11368,155.03,-43.04757,9.619438,153.0478,-54.96772,41.87741,141.3611,-45.46393,70.28931,114.2439,-18.54949,-0.05282855,-0.1923174,-0.9799098,-0.2336033,0.2331493,-0.9439655,0.09249668,0.1692158,-0.981229,0.2539888,0.08686152,-0.9632989,0.4969527,-0.1653405,-0.8518806,47.2674,53.33599,60.77208,58.43398,45.81116,18.36592,17.54312,17.22968,16.39513,14.56344,FALSE,TRUE,TRUE,TRUE,TRUE,
4,9.793606,52.89525,58.60532,39.27282,54.92002,44.69717,-37.15521,82.79209,10.24496,-35.86229,154.6174,-43.3701,9.775606,152.0406,-55.48071,41.96779,140.3075,-45.73254,69.62955,113.3731,-18.74469,-35.18353,83.57623,8.363217,-36.05926,155.813,-43.10008,9.826683,153.367,-55.23487,42.77565,141.435,-45.41866,70.67443,114.6551,-18.52971,-0.05023207,-0.1999879,-0.9785098,-0.2330031,0.2437643,-0.941429,0.0939106,0.1733178,-0.9803784,0.263927,0.08954252,-0.9603774,0.5042747,-0.1540743,-0.8496871,47.2674,53.33599,60.77208,58.43398,45.81116,18.36592,17.54312,17.22968,16.39513,14.56344,FALSE,TRUE,TRUE,TRUE,TRUE,
4,9.811695,43.67525,44.72892,26.48215,46.8977,29.63192,-36.68455,82.3196,10.0036,-35.77077,155.1475,-43.36161,9.944934,152.2547,-55.47942,42.62409,140.0475,-45.59327,69.87798,113.5678,-18.6469,-35.16637,82.6077,8.707402,-35.90266,156.4648,-43.07007,10.05399,153.6853,-55.2444,43.55906,141.1823,-45.24991,70.8605,114.973,-18.45971,-0.04885308,-0.2075366,-0.9770066,-0.2301783,0.2542485,-0.9393485,0.09707188,0.1787897,-0.9790869,0.2742311,0.08882638,-0.9575527,0.5099576,-0.1431187,-0.8482101,47.2674,53.33599,60.77208,58.43398,45.81116,18.36592,17.54312,17.22968,16.39513,14.56344,FALSE,TRUE,TRUE,TRUE,TRUE,
4,9.829888,32.02142,31.08056,13.81109,47.32005,26.82904,-36.49984,81.97331,9.86874,-35.64946,155.4484,-43.40686,10.04712,152.1572,-55.55312,43.38353,139.9061,-45.40017,70.12343,113.8756,-18.5878,-35.105,81.80119,8.871114,-35.69143,156.7936,-43.11922,10.21554,153.5961,-55.29864,44.41213,140.9822,-45.01325,71.02248,115.3456,-18.41594,-0.0502713,-0.213823,-0.9755781,-0.2271534,0.2595483,-0.9386352,0.09878903,0.1793113,-0.9788198,0.2858946,0.09125974,-0.9539056,0.5163498,-0.1285146,-0.8466799,47.2674,53.33599,60.77208,58.43398,45.81116,18.36592,17.54312,17.22968,16.39513,14.56344,FALSE,TRUE,TRUE,TRUE,TRUE,
4,9.848028,21.20652,17.47321,9.351635,42.99296,27.40302,-36.53649,81.7235,9.790347,-35.59208,155.4974,-43.49412,10.09597,151.9561,-55.6574,44.02056,139.7809,-45.2399,70.35579,114.2851,-18.54741,-35.12173,81.23522,8.933197,-35.56208,156.8063,-43.22353,10.31225,153.3803,-55.38348,45.11347,140.8677,-44.80413,71.21207,115.8518,-18.36386,-0.05519997,-0.2182827,-0.9743232,-0.2253394,0.2598751,-0.938982,0.1000033,0.1786686,-0.978814,0.2953924,0.09422863,-0.9507178,0.5230849,-0.1120431,-0.8448837,47.2674,53.33599,60.77208,58.43398,45.81116,18.36592,17.54312,17.22968,16.39513,14.56344,FALSE,TRUE,TRUE,TRUE,TRUE,
4,9.86599,14.46084,11.83471,7.876701,37.21165,28.69585,-36.59616,81.57402,9.708042,-35.55489,155.614,-43.52738,10.12127,151.8961,-55.70424,44.56095,139.8393,-45.06495,70.60645,114.7611,-18.46266,-35.21784,80.92112,8.915095,-35.47107,156.8572,-43.2765,10.37557,153.2562,-55.42952,45.667,140.9342,-44.60248,71.44287,116.3663,-18.2487,-0.06080015,-0.2209519,-0.9733877,-0.223987,0.2603172,-0.939183,0.1006957,0.1785079,-0.9787723,0.3031623,0.09856092,-0.9478282,0.530052,-0.09740156,-0.8423526,47.2674,53.33599,60.77208,58.43398,45.81116,18.36592,17.54312,17.22968,16.39513,14.56344,FALSE,TRUE,TRUE,TRUE,TRUE,
4,9.874969,12.67972,9.447786,7.034007,35.04871,30.74459,-36.52037,81.49693,9.67146,-35.54334,155.6443,-43.55633,10.14613,151.9117,-55.72842,44.81503,139.9044,-44.99122,70.75601,115.0575,-18.4178,-35.2354,80.81639,8.903249,-35.4422,156.8621,-43.31144,10.40788,153.22,-55.45168,45.91593,140.9701,-44.51938,71.5747,116.6468,-18.18866,-0.06353201,-0.2222649,-0.9729142,-0.2237512,0.2597372,-0.9393998,0.1009814,0.1782321,-0.9787931,0.3064434,0.09960023,-0.9466637,0.5332016,-0.09120756,-0.8410572,47.2674,53.33599,60.77208,58.43398,45.81116,18.36592,17.54312,17.22968,16.39513,14.56344,FALSE,TRUE,TRUE,TRUE,TRUE,
4,9.893053,10.43777,9.793158,6.337603,27.66159,30.53995,-36.41512,81.34201,9.644323,-35.50758,155.8208,-43.57136,10.22644,152.0452,-55.71308,45.16609,139.8239,-44.89958,70.94783,115.5732,-18.32119,-35.21283,80.64249,8.910049,-35.36698,156.9531,-43.34751,10.53137,153.2746,-55.44067,46.27703,140.8516,-44.41273,71.73871,117.1599,-18.06945,-0.06855518,-0.2253611,-0.9718603,-0.2220368,0.2603133,-0.9396471,0.1028955,0.1791701,-0.9784225,0.3115698,0.09875413,-0.9450777,0.5385222,-0.07978655,-0.8388253,47.2674,53.33599,60.77208,58.43398,45.81116,18.36592,17.54312,17.22968,16.39513,14.56344,FALSE,TRUE,TRUE,TRUE,TRUE,
4,9.911657,8.795235,10.03762,15.91094,24.27445,9.804246,-36.29502,81.47954,9.909836,-35.59222,156.0072,-43.73326,10.01816,151.6866,-56.0772,45.16636,139.2616,-45.25859,70.68411,115.2458,-18.71813,-35.09027,80.65792,9.080538,-35.33993,157.0998,-43.45054,10.45564,153.0289,-55.659,46.30605,140.2661,-44.72363,71.50861,116.8871,-18.38961,-0.07642217,-0.2346258,-0.9690771,-0.2232061,0.2555932,-0.9406652,0.09969761,0.1694609,-0.9804812,0.3107262,0.08748429,-0.9464649,0.5340931,-0.08756385,-0.8408788,47.2674,53.33599,60.77208,58.43398,45.81116,18.36592,17.54312,17.22968,16.39513,14.56344,FALSE,TRUE,TRUE,TRUE,TRUE,
4,9.922513,28.95163,16.58942,41.02509,42.15863,30.74399,-36.10402,81.81566,10.58441,-35.94658,155.7751,-44.01445,9.554332,151.0127,-56.65852,44.81492,138.5857,-45.90409,70.28992,114.7926,-19.28901,-34.99236,80.80838,9.388874,-35.50562,156.9972,-43.62639,10.16646,152.5399,-56.07824,46.00263,139.631,-45.30471,71.22607,116.5427,-18.7974,-0.0832471,-0.2502193,-0.9646037,-0.2296224,0.2419422,-0.9427288,0.0925653,0.1530138,-0.9838793,0.3043036,0.07100651,-0.9499249,0.5258549,-0.1036741,-0.8442324,47.2674,53.33599,60.77208,58.43398,45.81116,18.36592,17.54312,17.22968,16.39513,14.56344,FALSE,TRUE,TRUE,TRUE,TRUE,
4,9.947857,112.9836,122.2561,172.0831,165.9312,114.3296,-37.07497,84.11279,13.55682,-37.19387,153.0145,-46.97753,7.765985,146.5318,-60.27364,43.07689,134.3129,-49.41619,68.59879,112.3746,-21.67992,-35.31123,81.67667,10.52466,-36.10255,155.6642,-45.10397,8.931741,149.4456,-58.68741,44.57331,136.1547,-48.27911,70.06939,114.9906,-20.42092,-0.1184711,-0.3291208,-0.9368266,-0.2504734,0.1483306,-0.9566928,0.06816742,0.06321429,-0.9956692,0.2787565,-0.01815759,-0.9601901,0.4942432,-0.1884987,-0.8486412,47.2674,53.33599,60.77208,58.43398,45.81116,18.36592,17.54312,17.22968,16.39513,14.56344,FALSE,TRUE,TRUE,TRUE,TRUE,
4,9.96209,115.7164,187.0829,242.3722,230.2151,175.4236,-36.88697,84.2226,15.46018,-38.17613,149.6214,-48.63308,6.543886,142.3535,-62.26237,41.68375,130.6759,-51.41108,66.93717,110.4259,-23.41099,-35.38269,81.97682,11.26699,-36.71035,153.7099,-46.34264,7.829638,145.8109,-60.69682,43.10163,132.7236,-50.34574,68.7082,113.4388,-21.87941,-0.133933,-0.3805431,-0.9150131,-0.2656209,0.08607183,-0.9602277,0.05177168,-0.000122066,-0.998659,0.2540875,-0.08010735,-0.9638581,0.4507157,-0.2465083,-0.8579563,47.2674,53.33599,60.77208,58.43398,45.81116,18.36592,17.54312,17.22968,16.39513,14.56344,FALSE,TRUE,TRUE,TRUE,TRUE,
4,9.97798,93.7757,171.6096,269.1016,328.0088,272.7408,-37.72814,84.50222,16.4668,-38.49154,147.5835,-49.74009,5.901205,138.0054,-63.41429,39.20027,124.9874,-52.55394,63.32893,106.5164,-24.9278,-35.50593,82.17893,11.79229,-37.23249,151.5222,-47.65027,6.912233,140.8687,-62.45979,39.98126,126.56,-52.08632,65.46552,110.2066,-23.87266,-0.1445429,-0.4129104,-0.8992288,-0.2708918,0.05204516,-0.9612018,0.04255953,-0.05605227,-0.9975203,0.2061432,-0.161303,-0.9651354,0.3760811,-0.3045739,-0.8750987,47.2674,53.33599,60.77208,58.43398,45.81116,18.36592,17.54312,17.22968,16.39513,14.56344,FALSE,TRUE,TRUE,TRUE,TRUE,
4,9.993515,66.25451,156.5434,270.635,472.164,378.1636,-37.91099,84.52216,17.06548,-38.22738,145.7232,-50.76861,5.804277,133.9831,-64.23622,35.28342,117.0823,-52.96642,58.55569,101.5448,-26.08221,-35.56467,82.28001,12.09093,-37.43011,149.5093,-48.82092,6.546352,136.0756,-63.67513,35.06259,117.5688,-52.99115,59.88663,104.7093,-25.9771,-0.145204,-0.4414797,-0.8854442,-0.2725138,0.02551651,-0.9618134,0.03654466,-0.1003734,-0.9942785,0.1303102,-0.2730638,-0.9531293,0.2747062,-0.378313,-0.8839772,47.2674,53.33599,60.77208,58.43398,45.81116,18.36592,17.54312,17.22968,16.39513,14.56344,FALSE,TRUE,TRUE,TRUE,TRUE,
2,10.00806,101.6195,1493.546,1863.836,1926.582,1625.929,-41.03322,82.84785,16.48447,-43.34945,94.39642,-15.40197,-27.49911,81.18998,-20.6491,-6.319688,73.29987,-12.60404,16.15156,73.02607,-2.502434,-35.95939,82.1922,12.48363,-44.10067,116.7928,-41.33759,-17.54793,97.38231,-51.11456,2.80786,79.51151,-38.33785,29.76143,77.89548,-19.71671,-0.2206614,-0.5269146,-0.8207738,-0.479071,-0.7075004,-0.5195519,-0.4568251,-0.713577,-0.5311484,-0.45322,-0.7590482,-0.467373,-0.459501,-0.7530341,-0.4709548,47.2674,53.33599,60.77208,58.43398,45.81116,18.36592,17.54312,17.22968,16.39513,14.56344,FALSE,TRUE,TRUE,FALSE,FALSE,
0,10.03004,291.2908,909.6872,1201.088,1161.397,958.184,-28.32224,85.1003,11.682,-40.87122,93.49522,-7.826845,-31.79617,81.75008,-6.746078,-13.02594,75.87796,-2.473052,6.688262,77.24419,4.76784,-34.24129,82.41022,12.34365,-43.79559,100.4566,-25.45303,-29.01809,85.04427,-28.29795,-9.807425,75.39133,-18.20989,11.4653,74.88495,-6.082779,-0.07656096,-0.474782,-0.876767,-0.4660901,-0.8675603,-0.1734913,-0.5841461,-0.804655,-0.1063189,-0.6303554,-0.7686988,-0.1084171,-0.7280479,-0.6653832,-0.164959,47.2674,53.33599,60.77208,58.43398,45.81116,18.36592,17.54312,17.22968,16.39513,14.56344,FALSE,FALSE,FALSE,FALSE,FALSE,
0,10.04811,414.2214,420.0083,611.4263,622.5129,559.0981,-22.07779,91.328,6.008096,-37.48308,101.9331,-12.0286,-28.78415,90.33025,-9.749183,-11.07763,84.53941,-3.625768,7.354568,86.49418,4.084853,-30.25255,84.39097,10.49368,-41.2211,100.8857,-20.43346,-29.25016,87.6426,-21.15717,-10.60011,80.84832,-11.85448,8.416511,82.38294,-1.005513,0.06528557,-0.3893313,-0.9187812,-0.402804,-0.9013225,-0.1592693,-0.551793,-0.83235,-0.05213398,-0.6224738,-0.7806783,-0.05538649,-0.7468479,-0.6527827,-0.1268575,47.2674,53.33599,60.77208,58.43398,45.81116,18.36592,17.54312,17.22968,16.39513,14.56344,FALSE,FALSE,FALSE,FALSE,FALSE,
0,10.06623,401.5101,292.0606,370.645,470.0793,438.7013,-16.56089,95.92599,5.114821,-33.31965,107.1008,-12.76047,-24.4768,95.74189,-10.13686,-8.046753,89.63091,-0.5919402,9.465182,92.48968,7.466747,-23.50162,88.77659,7.783561,-38.54559,103.0657,-18.34452,-27.93077,90.14303,-18.34855,-9.652903,84.5252,-7.901734,8.583776,88.31918,3.421548,0.1733794,-0.3368495,-0.9254577,-0.3478744,-0.9179201,-0.1908038,-0.5123625,-0.8561635,-0.06684891,-0.5982248,-0.8010604,-0.0207219,-0.7348713,-0.6690156,-0.1112753,47.2674,53.33599,60.77208,58.43398,45.81116,18.36592,17.54312,17.22968,16.39513,14.56344,FALSE,FALSE,FALSE,FALSE,FALSE,
0,10.08429,323.7685,306.6144,381.7072,458.1084,441.7039,-14.60347,101.5968,6.468477,-31.25857,114.5363,-10.64849,-23.93262,102.0509,-6.592599,-9.382745,94.39923,4.77782,7.604176,96.49546,13.15496,-16.58515,96.2542,6.349657,-35.42418,107.7971,-16.02951,-26.72516,93.20844,-16.10232,-9.484192,87.51038,-4.277823,7.97522,92.54048,8.272328,0.2324003,-0.3163007,-0.9197521,-0.3910675,-0.8963505,-0.2088588,-0.5633692,-0.8239698,-0.06073563,-0.654832,-0.7557744,-0.000319539,-0.7876561,-0.6087765,-0.09481074,47.2674,53.33599,60.77208,58.43398,45.81116,18.36592,17.54312,17.22968,16.39513,14.56344,FALSE,FALSE,FALSE,FALSE,FALSE,
0,10.09326,251.0902,255.0276,386.0323,394.9047,391.7108,-14.06511,101.8019,6.751954,-31.73212,114.47,-9.386509,-25.08666,101.3637,-3.299243,-10.22521,94.468,6.343771,6.437987,96.73194,14.90081,-14.43203,98.47327,6.257414,-34.73036,109.0474,-14.79927,-26.61528,93.88515,-14.95665,-9.652777,88.29726,-2.891174,7.295648,93.53499,10.21303,0.2425717,-0.3201457,-0.9157869,-0.3903161,-0.90369,-0.1760617,-0.5636298,-0.8260231,0.002693753,-0.6562563,-0.7540087,0.02825684,-0.7950283,-0.6043781,-0.05154788,47.2674,53.33599,60.77208,58.43398,45.81116,18.36592,17.54312,17.22968,16.39513,14.56344,FALSE,FALSE,FALSE,FALSE,FALSE,
0,10.11134,156.6823,573.2575,358.7839,328.7877,265.8116,-12.55566,101.3768,6.630379,-31.37178,110.4158,12.65388,-26.65282,99.72673,1.446107,-11.98359,93.49918,9.950446,4.973045,96.48754,16.62527,-11.52446,100.2202,6.11747,-34.20866,109.2021,-10.31576,-26.63283,94.49471,-13.18974,-10.0867,89.09825,-0.7334534,6.174249,94.53046,12.80979,0.2581284,-0.3210849,-0.9111938,-0.3399695,-0.9111412,0.2329001,-0.553964,-0.8253797,0.1089596,-0.653286,-0.7490354,0.1102879,-0.7982737,-0.602286,0.003284752,47.2674,53.33599,60.77208,58.43398,45.81116,18.36592,17.54312,17.22968,16.39513,14.56344,FALSE,FALSE,FALSE,FALSE,FALSE,
0,10.12943,90.95723,383.4337,352.3119,267.1641,216.4985,-11.87943,100.9789,6.632901,-32.06732,108.8433,13.68152,-27.6984,98.20517,6.624103,-13.29804,92.46712,13.16563,3.47341,95.92166,18.96786,-10.31077,100.4974,6.123373,-34.01321,109.0736,-7.659792,-26.71518,94.70423,-11.95998,-10.47948,89.4136,0.8236806,5.23225,94.86649,14.70123,0.2656584,-0.3232999,-0.9082416,-0.3259459,-0.8972968,0.2976874,-0.5425379,-0.8120597,0.214969,-0.6513227,-0.7389464,0.1724438,-0.8051655,-0.5892881,0.06669385,47.2674,53.33599,60.77208,58.43398,45.81116,18.36592,17.54312,17.22968,16.39513,14.56344,FALSE,FALSE,FALSE,FALSE,FALSE,
0,10.14758,59.45881,251.4241,317.4532,289.1264,236.6498,-11.37504,100.6616,7.119604,-33.2837,107.7932,14.61836,-29.26579,96.96337,11.26501,-15.52412,91.31383,17.93464,1.067601,95.03557,22.36799,-9.67286,100.5569,6.509677,-33.97654,108.9383,-6.245248,-26.80836,94.77293,-11.07724,-10.84399,89.52671,2.068777,4.304458,94.89037,16.37364,0.2756801,-0.3285798,-0.903347,-0.3292356,-0.8860124,0.3264752,-0.538995,-0.7883111,0.2967322,-0.6532536,-0.7119148,0.2577537,-0.8135716,-0.5631866,0.1446446,47.2674,53.33599,60.77208,58.43398,45.81116,18.36592,17.54312,17.22968,16.39513,14.56344,FALSE,FALSE,FALSE,FALSE,FALSE,
0,10.16561,50.21119,218.4007,287.6759,264.4189,230.0827,-11.05481,100.6758,7.719639,-34.98633,106.312,16.42431,-31.09681,95.79134,15.32689,-17.70012,90.3604,21.57692,-1.591786,94.40199,25.49949,-9.380791,100.836,7.093285,-34.02502,108.7924,-5.254513,-26.91143,94.7919,-10.40136,-11.20909,89.56039,3.14647,3.247001,94.80047,18.0864,0.2585984,-0.3053461,-0.9164554,-0.3186876,-0.8696238,0.3770845,-0.5255031,-0.7662745,0.3696889,-0.6460831,-0.6905618,0.325117,-0.8174066,-0.5315729,0.2219836,47.2674,53.33599,60.77208,58.43398,45.81116,18.36592,17.54312,17.22968,16.39513,14.56344,FALSE,FALSE,FALSE,FALSE,FALSE,
0,10.17459,40.06427,199.8241,268.822,245.1625,198.7762,-10.87868,100.3471,7.827224,-35.4356,105.4889,17.13403,-31.56648,95.19704,17.1273,-18.39165,89.828,23.11127,-2.322397,93.98193,26.29696,-9.25402,100.7857,7.304336,-34.0596,108.7097,-4.810091,-26.95889,94.79179,-10.11322,-11.3825,89.5593,3.639658,2.739037,94.72897,18.86788,0.2571109,-0.3038166,-0.9173818,-0.3139889,-0.8601145,0.4020124,-0.5187098,-0.7527927,0.4052693,-0.6428152,-0.67919,0.354245,-0.8183035,-0.5215839,0.2415152,47.2674,53.33599,60.77208,58.43398,45.81116,18.36592,17.54312,17.22968,16.39513,14.56344,FALSE,FALSE,FALSE,FALSE,FALSE,
0,10.2018,46.62156,113.7894,141.386,126.3406,114.0415,-10.55349,101.7994,8.069826,-36.37092,106.2609,18.43348,-32.5761,96.25085,18.87547,-19.588,90.74998,24.3661,-3.712525,94.9207,27.37893,-8.82054,101.8055,7.848702,-34.14956,108.595,-3.972343,-27.07109,94.81308,-9.507663,-11.90838,89.61388,5.01824,1.108386,94.75439,21.18055,0.2551111,-0.2851088,-0.9239217,-0.3068956,-0.8548182,0.4184507,-0.5113564,-0.7460775,0.4264775,-0.6387858,-0.672651,0.373488,-0.8170809,-0.5071735,0.2741419,47.2674,53.33599,60.77208,58.43398,45.81116,18.36592,17.54312,17.22968,16.39513,14.56344,FALSE,FALSE,FALSE,FALSE,FALSE,
0,10.21077,61.08711,98.19292,114.5529,101.8507,96.37734,-10.6486,102.8691,7.935425,-36.89349,107.1614,18.61705,-33.13914,97.20884,18.95659,-20.18378,91.59365,24.25298,-4.328532,95.69445,27.20821,-8.783485,102.2982,7.903176,-34.18534,108.5681,-3.691534,-27.11848,94.82852,-9.273597,-12.13119,89.65659,5.561179,0.5125895,94.8344,21.93098,0.25308,-0.2738152,-0.9278878,-0.3056897,-0.8564975,0.4158916,-0.5101753,-0.7477574,0.4249471,-0.6381922,-0.6733891,0.3731726,-0.8169014,-0.5050454,0.27857,47.2674,53.33599,60.77208,58.43398,45.81116,18.36592,17.54312,17.22968,16.39513,14.56344,FALSE,FALSE,FALSE,FALSE,FALSE,
0,10.22887,90.97617,113.016,113.9626,112.8735,101.5921,-10.14863,105.2041,8.357133,-38.11168,109.3966,19.37964,-34.48947,99.61702,19.2617,-21.7053,93.66998,24.74549,-5.832954,97.61818,27.01338,-8.472329,103.812,8.29014,-34.36055,108.5534,-2.618482,-27.42074,94.9966,-7.998477,-13.1293,89.99878,7.721453,-1.396529,95.48514,23.86848,0.2521468,-0.2537291,-0.9338327,-0.303074,-0.858079,0.4145439,-0.5082533,-0.7501643,0.4230036,-0.6349493,-0.6690562,0.3862683,-0.8162557,-0.4959537,0.2962373,47.2674,53.33599,60.77208,58.43398,45.81116,18.36592,17.54312,17.22968,16.39513,14.56344,FALSE,FALSE,FALSE,FALSE,FALSE,
0,10.24699,102.7597,131.7073,126.1247,118.9618,110.9889,-10.10699,107.521,8.633982,-39.11302,111.7303,20.56408,-35.71099,102.1528,19.52265,-23.01227,95.87878,25.07668,-7.172716,99.63795,26.85213,-8.263219,105.5982,8.805392,-34.80839,108.7551,-0.3131882,-28.45761,95.8094,-4.243921,-15.19366,91.06959,11.71137,-4.121314,97.10725,25.96985,0.2418247,-0.2347305,-0.9415001,-0.2974452,-0.8577171,0.419342,-0.5069698,-0.7531494,0.4192225,-0.6319997,-0.6661,0.3960899,-0.8145568,-0.4870313,0.3151153,47.2674,53.33599,60.77208,58.43398,45.81116,18.36592,17.54312,17.22968,16.39513,14.56344,FALSE,FALSE,FALSE,FALSE,FALSE,
0,10.26513,101.5086,88.29813,91.22331,87.64738,84.42892,-10.64509,108.9027,7.400558,-39.57588,112.567,20.38996,-36.1895,103.0274,19.69615,-23.41344,96.78861,24.14113,-7.624835,100.3904,25.80484,-8.574496,107.2707,8.46826,-35.65635,109.2979,3.621217,-30.45322,97.56051,2.514075,-18.15012,92.94568,16.80867,-6.427619,98.85041,27.03343,0.2188821,-0.2137947,-0.9520412,-0.2926512,-0.8603556,0.4173051,-0.4981374,-0.7525634,0.4307057,-0.6289644,-0.6688684,0.3962562,-0.8111377,-0.4861108,0.3251954,47.2674,53.33599,60.77208,58.43398,45.81116,18.36592,17.54312,17.22968,16.39513,14.56344,FALSE,FALSE,FALSE,FALSE,FALSE,
0,10.28317,183.9555,68.23113,41.28106,113.8185,149.8216,-12.99784,109.3291,3.087271,-40.98167,110.9971,18.45223,-37.00917,101.6379,18.8453,-24.0743,95.89535,20.93132,-8.311858,100.1053,21.62748,-9.799409,108.3271,6.608102,-37.10673,109.7304,8.460052,-32.92924,99.18357,9.934563,-20.21369,94.01255,19.2192,-7.433753,99.46611,25.81202,0.1619671,-0.1852376,-0.9692542,-0.2357892,-0.8740132,0.4248581,-0.4324647,-0.765623,0.4762307,-0.5813504,-0.6964568,0.4206894,-0.7759826,-0.5208625,0.3557434,47.2674,53.33599,60.77208,58.43398,45.81116,18.36592,17.54312,17.22968,16.39513,14.56344,FALSE,FALSE,FALSE,FALSE,FALSE,
0,10.3012,219.2305,178.9953,132.3896,179.9414,204.1988,-11.87214,103.4911,-0.5348703,-39.71498,106.8911,14.23258,-35.9079,97.62082,16.21526,-23.47153,91.51767,18.03038,-7.54959,95.19852,18.74645,-10.57586,107.5058,4.734736,-38.17912,108.9851,11.15817,-34.55393,98.80342,14.4273,-21.1869,93.66295,19.51935,-7.741181,98.58957,24.2044,0.182255,-0.2647589,-0.946935,-0.2796237,-0.8314753,0.4800619,-0.4666139,-0.7073629,0.5309511,-0.6206495,-0.6455022,0.4451081,-0.8088039,-0.4709056,0.3522558,47.2674,53.33599,60.77208,58.43398,45.81116,18.36592,17.54312,17.22968,16.39513,14.56344,FALSE,FALSE,FALSE,FALSE,FALSE,
0,10.31022,381.9818,317.7328,261.9966,340.269,369.2638,-11.50063,98.3985,-5.82058,-39.00809,102.5042,9.744018,-35.04227,93.5461,12.4944,-22.85942,87.25747,13.02584,-6.866526,90.7932,13.36767,-10.6587,106.2598,3.206666,-38.29839,107.9103,11.12258,-34.60521,97.43446,14.4549,-21.39322,92.90621,18.8501,-7.646299,97.48153,22.7289,0.1677834,-0.303719,-0.9378718,-0.2743074,-0.8054545,0.5253556,-0.4537613,-0.6738175,0.5831558,-0.622218,-0.6274783,0.468098,-0.8107083,-0.4554496,0.3678555,47.2674,53.33599,60.77208,58.43398,45.81116,18.36592,17.54312,17.22968,16.39513,14.56344,FALSE,FALSE,FALSE,FALSE,FALSE,
0,10.32843,615.5466,574.4314,541.3381,711.4739,678.3298,-9.17433,96.82968,-22.82909,-36.68822,100.683,-6.907052,-32.72562,91.70079,-3.877771,-20.73171,85.21085,-6.807368,-4.719667,88.07702,-4.918183,-10.48915,105.3995,0.7385334,-37.9771,106.2504,8.382994,-33.93715,95.45583,10.21796,-21.32861,91.64648,15.61226,-7.139534,95.6241,18.30684,0.1745917,-0.2575046,-0.9503732,-0.2955748,-0.8223798,0.4861349,-0.4656937,-0.6851657,0.560069,-0.6568271,-0.6525121,0.3778969,-0.8330348,-0.4635788,0.3019069,47.2674,53.33599,60.77208,58.43398,45.81116,18.36592,17.54312,17.22968,16.39513,14.56344,FALSE,FALSE,FALSE,FALSE,FALSE,
0,10.34649,655.9145,679.7521,713.2315,873.6636,805.4258,-6.437326,104.3717,-35.65297,-34.51617,101.6366,-21.29988,-29.90787,92.42017,-20.12734,-17.0613,88.44231,-25.54065,-1.232001,91.53899,-21.79658,-10.15032,105.0584,-2.857991,-37.63438,105.5828,5.476603,-33.24896,94.72889,5.554125,-21.05183,91.27767,12.44684,-6.604529,95.0499,14.36037,0.2489272,0.0246617,-0.9682082,-0.2529384,-0.9417511,0.2216464,-0.4356497,-0.8406083,0.3218494,-0.6256821,-0.7733715,0.1020704,-0.8126306,-0.5808339,0.04757659,47.2674,53.33599,60.77208,58.43398,45.81116,18.36592,17.54312,17.22968,16.39513,14.56344,FALSE,FALSE,FALSE,FALSE,FALSE,
0,10.36458,395.3164,807.6532,970.6854,915.438,791.004,-35.04114,109.4538,-17.08758,-33.89218,149.3878,-39.49339,-2.818726,136.5314,-52.91444,17.33449,113.2372,-50.7635,38.85812,99.22343,-27.81947,-10.72297,105.0671,-5.478441,-37.37169,105.4338,3.304665,-32.4666,94.6081,1.825164,-20.48486,91.19901,9.954177,-5.217287,94.86998,11.06831,0.01332226,0.08535749,-0.9962613,-0.2675498,-0.8605317,-0.433477,-0.4302116,-0.8430666,-0.3227333,-0.4817779,-0.7395456,-0.4700662,-0.6048371,-0.632858,-0.4833867,47.2674,53.33599,60.77208,58.43398,45.81116,18.36592,17.54312,17.22968,16.39513,14.56344,FALSE,FALSE,FALSE,FALSE,FALSE,
1,10.38266,854.1841,823.4478,1156.616,1196.092,998.461,-53.2053,97.84894,-2.013253,-38.78521,150.4247,-44.02695,3.936357,140.8195,-58.11125,36.05941,126.4865,-51.21192,55.53354,104.2932,-21.49248,-18.47915,102.7086,-7.028536,-37.28312,105.635,2.227587,-31.19648,95.47059,-0.771667,-17.53113,91.98887,5.460457,2.885225,95.11396,5.004095,-0.2489745,0.04347767,-0.9675336,-0.2313451,-0.4037772,-0.8851234,-0.1612157,-0.5108579,-0.8444132,-0.0578221,-0.435262,-0.8984451,-0.1167639,-0.5981892,-0.7928025,47.2674,53.33599,60.77208,58.43398,45.81116,18.36592,17.54312,17.22968,16.39513,14.56344,FALSE,FALSE,FALSE,TRUE,FALSE,
4,10.40074,803.9567,683.7351,986.3812,1072.588,825.4379,-57.30248,93.75455,3.316379,-39.25246,147.2442,-43.09828,6.102091,141.4353,-56.5575,40.603,131.6859,-47.72265,59.48104,106.271,-19.08033,-29.58747,99.37262,-4.990882,-37.24688,108.23,-2.135129,-26.9714,99.44493,-8.006336,-9.175552,96.31033,-3.601843,19.69883,97.40421,-3.354105,-0.4010472,0.0221031,-0.9157907,-0.2692934,-0.1388214,-0.9530004,-0.04486768,-0.2484897,-0.9675948,0.1199893,-0.2104535,-0.9702123,0.1133445,-0.496341,-0.8606966,47.2674,53.33599,60.77208,58.43398,45.81116,18.36592,17.54312,17.22968,16.39513,14.56344,TRUE,TRUE,TRUE,TRUE,FALSE,
5,10.40973,718.3539,618.2549,892.0001,930.139,741.3124,-58.76636,92.96493,4.661653,-39.42825,147.6954,-42.74888,6.860621,143.6247,-56.21029,41.21592,132.6853,-46.93229,61.61737,107.8798,-19.27415,-35.28167,97.88644,-3.33676,-37.34676,110.9694,-5.706984,-23.78132,103.0766,-12.97868,-2.589833,100.4635,-9.892074,29.80012,99.51215,-7.730594,-0.4520124,0.01873633,-0.8918149,-0.2855428,-0.0527372,-0.9569138,-0.01372548,-0.1485068,-0.9888161,0.1571833,-0.1541009,-0.9754724,0.2023749,-0.4289414,-0.8803713,47.2674,53.33599,60.77208,58.43398,45.81116,18.36592,17.54312,17.22968,16.39513,14.56344,TRUE,TRUE,TRUE,TRUE,TRUE,
5,10.42778,546.6229,477.6458,675.8878,652.3537,554.8181,-61.10292,91.99374,6.923458,-39.89682,149.231,-42.04509,7.803106,146.9664,-55.86932,42.04707,134.1566,-46.12184,64.38676,110.204,-19.29932,-45.6204,95.37815,0.4213243,-37.9011,120.2849,-15.73739,-15.17319,114.2112,-25.42936,13.65116,111.9416,-23.96576,48.55676,104.861,-14.73691,-0.5243335,0.00908867,-0.8514645,-0.3063461,0.06546195,-0.9496667,0.02526388,-0.007341255,-0.9996539,0.2005188,-0.08376666,-0.9761021,0.3121452,-0.3357706,-0.8887201,47.2674,53.33599,60.77208,58.43398,45.81116,18.36592,17.54312,17.22968,16.39513,14.56344,TRUE,TRUE,TRUE,TRUE,TRUE,
5,10.44589,384.5632,349.3528,509.839,459.6165,382.4766,-62.34756,91.2527,9.330283,-40.40944,150.849,-41.26769,8.523993,150.3151,-55.29617,42.95286,135.9461,-45.75712,66.09068,111.8267,-19.28442,-53.01993,93.5237,4.085929,-38.90396,133.0393,-26.88649,-5.238593,128.8834,-38.44102,29.02863,124.2541,-35.75186,60.70174,109.6606,-18.24413,-0.5644073,-0.01024516,-0.8254329,-0.3213854,0.1409959,-0.9363928,0.04679066,0.08720593,-0.9950908,0.228183,-0.03309115,-0.9730558,0.3628268,-0.2915665,-0.8850682,47.2674,53.33599,60.77208,58.43398,45.81116,18.36592,17.54312,17.22968,16.39513,14.56344,TRUE,TRUE,TRUE,TRUE,TRUE,
5,10.46409,227.6694,257.9512,377.3869,326.6516,269.1219,-63.07524,90.33922,9.490749,-40.57338,152.573,-41.4438,9.335139,152.9336,-55.06942,44.12846,137.8535,-45.27374,67.52441,113.1912,-18.70006,-57.75148,92.07549,6.609651,-39.86157,144.6814,-35.36756,3.136474,142.817,-48.0878,39.24714,133.6572,-42.1754,66.55117,112.884,-18.91429,-0.5693304,-0.02698826,-0.8216657,-0.3178776,0.2000929,-0.9267775,0.07192085,0.1554892,-0.985216,0.2603652,0.01063253,-0.9654517,0.4112743,-0.2560444,-0.8748112,47.2674,53.33599,60.77208,58.43398,45.81116,18.36592,17.54312,17.22968,16.39513,14.56344,TRUE,TRUE,TRUE,TRUE,TRUE,
5,10.48202,136.3688,196.7346,280.9182,236.5638,196.579,-63.22511,89.52324,9.770738,-40.59022,154.3635,-41.2081,9.908063,155.2664,-54.68197,45.00396,139.5251,-44.94774,68.75761,114.4111,-18.40702,-60.51923,90.76539,8.12323,-40.36696,152.2855,-39.40935,7.990078,152.1928,-52.63885,44.01473,138.9384,-44.2572,69.17707,114.9424,-18.64054,-0.5720392,-0.04063783,-0.819219,-0.3153717,0.2475599,-0.9161085,0.08560491,0.2043751,-0.9751424,0.2788921,0.04313719,-0.9593531,0.4429191,-0.2272834,-0.8672744,47.2674,53.33599,60.77208,58.43398,45.81116,18.36592,17.54312,17.22968,16.39513,14.56344,TRUE,TRUE,TRUE,TRUE,TRUE,
5,10.50016,101.6626,134.175,183.8381,163.5829,141.9823,-63.11181,88.42632,10.75494,-40.72803,155.189,-41.13226,10.11619,156.4063,-54.75158,45.67857,140.5577,-45.02236,69.76949,115.2436,-18.37464,-61.93216,89.54267,9.331409,-40.57067,155.9366,-40.62864,10.08058,156.9273,-54.10624,45.98782,141.6056,-44.73262,70.63438,116.2597,-18.46249,-0.5761832,-0.06631647,-0.8146257,-0.3160516,0.2749112,-0.9080392,0.0924231,0.2314506,-0.9684465,0.2915887,0.06384993,-0.9544104,0.4643023,-0.2116029,-0.8600277,47.2674,53.33599,60.77208,58.43398,45.81116,18.36592,17.54312,17.22968,16.39513,14.56344,TRUE,TRUE,TRUE,TRUE,TRUE,
5,10.51825,93.35197,94.30066,115.5947,113.2943,99.84119,-62.83918,87.23485,11.8685,-40.90903,155.88,-41.08933,9.979812,156.9341,-55.06671,46.17784,141.2192,-45.31889,70.55866,115.7151,-18.51507,-62.47659,88.37936,10.38499,-40.72136,157.5938,-40.78677,10.4449,158.6243,-54.65429,46.84502,142.8489,-45.03394,71.58236,116.9926,-18.5171,-0.5780524,-0.09585843,-0.8103496,-0.3178028,0.2985672,-0.8999217,0.09182715,0.2482924,-0.9643229,0.300576,0.07905826,-0.9504756,0.4796808,-0.2032383,-0.853581,47.2674,53.33599,60.77208,58.43398,45.81116,18.36592,17.54312,17.22968,16.39513,14.56344,TRUE,TRUE,TRUE,TRUE,TRUE,
5,10.52722,103.9286,64.13961,87.89812,91.59919,81.71663,-62.85979,86.89893,13.13109,-41.10376,155.6892,-41.12766,9.782882,156.937,-55.32608,46.34515,141.2522,-45.62919,70.88527,115.602,-18.71003,-62.59378,87.91164,10.98537,-40.84983,157.7382,-40.82344,10.32933,159.0017,-54.88384,47.11597,143.1705,-45.29793,71.99422,117.04,-18.66593,-0.5829433,-0.1142959,-0.8044337,-0.3211985,0.299662,-0.8983508,0.08884633,0.2546967,-0.9629309,0.3029889,0.08454149,-0.9492368,0.4856646,-0.2033398,-0.8501663,47.2674,53.33599,60.77208,58.43398,45.81116,18.36592,17.54312,17.22968,16.39513,14.56344,TRUE,TRUE,TRUE,TRUE,TRUE,
5,10.54527,93.3895,49.83788,47.152,61.45733,70.40189,-62.67963,86.12408,14.48227,-41.17931,156.1507,-41.01973,9.512211,156.9234,-55.67911,46.66507,141.5922,-45.96996,71.63132,116.1655,-18.91623,-62.67271,87.18621,12.03394,-40.91805,158.1635,-40.75355,10.00547,159.0721,-55.28823,47.50749,143.5633,-45.68443,72.85183,117.6028,-18.82753,-0.5837933,-0.1396968,-0.7997938,-0.3217448,0.3152915,-0.8927886,0.0850519,0.2605992,-0.9616934,0.3078564,0.09455112,-0.946723,0.5007957,-0.1892728,-0.844618,47.2674,53.33599,60.77208,58.43398,45.81116,18.36592,17.54312,17.22968,16.39513,14.56344,TRUE,TRUE,TRUE,TRUE,TRUE,
5,10.56342,71.58082,41.05527,27.98023,40.10128,57.60757,-62.42219,85.5026,15.06805,-41.11065,156.8245,-40.90805,9.419329,157.1002,-55.81625,46.91125,141.8298,-46.11679,72.18597,116.7952,-18.99326,-62.60269,86.54234,12.81228,-40.80003,158.8322,-40.61105,9.85181,159.1651,-55.44506,47.7973,143.7332,-45.82959,73.38554,118.3044,-18.90003,-0.5776073,-0.1562578,-0.8012199,-0.3195232,0.3292161,-0.8885503,0.08444975,0.2654253,-0.9604257,0.3125257,0.1005217,-0.9445756,0.5115749,-0.173397,-0.8415608,47.2674,53.33599,60.77208,58.43398,45.81116,18.36592,17.54312,17.22968,16.39513,14.56344,TRUE,TRUE,TRUE,TRUE,TRUE,
5,10.58159,66.96986,9.718801,19.74204,24.02961,35.34984,-62.07956,84.88677,15.96477,-41.30743,156.2297,-41.29051,9.192519,156.8488,-56.23853,46.98765,141.3409,-46.57896,72.4527,116.8031,-19.26657,-62.41431,85.92317,13.54387,-40.91098,158.3476,-40.91546,9.670225,159.0208,-55.72848,47.93082,143.3268,-46.18328,73.58378,118.4022,-19.18725,-0.569646,-0.1791321,-0.8021316,-0.3205958,0.3220837,-0.8907752,0.08301833,0.2667834,-0.9601743,0.315478,0.09720588,-0.943941,0.5173921,-0.1685394,-0.8389874,47.2674,53.33599,60.77208,58.43398,45.81116,18.36592,17.54312,17.22968,16.39513,14.56344,TRUE,TRUE,TRUE,TRUE,TRUE,
5,10.59957,65.692,33.33616,49.90985,48.23027,20.01627,-61.49004,84.3863,16.76814,-41.56709,155.4202,-41.86988,8.806371,155.5775,-57.0408,46.76154,140.0526,-47.26435,72.494,116.4965,-19.60371,-62.03276,85.28056,14.29095,-41.07935,157.6542,-41.38852,9.413588,158.2485,-56.26395,47.78968,142.3958,-46.71436,73.57393,118.1918,-19.50956,-0.5536392,-0.2055795,-0.8069825,-0.3212874,0.309945,-0.8948232,0.08036034,0.2519337,-0.9644022,0.3140506,0.08184576,-0.9458718,0.521221,-0.1686708,-0.8365876,47.2674,53.33599,60.77208,58.43398,45.81116,18.36592,17.54312,17.22968,16.39513,14.56344,TRUE,TRUE,TRUE,TRUE,TRUE,
5,10.61765,80.84756,75.27892,107.2598,95.25234,35.48209,-60.43056,83.73328,17.69105,-42.02119,153.7685,-42.92908,8.157814,153.0631,-58.378,46.18577,137.826,-48.29947,72.12674,115.5047,-20.09324,-61.28029,84.51409,15.16926,-41.37413,156.3608,-42.23341,8.944071,156.452,-57.2755,47.31623,140.5593,-47.60616,73.27081,117.5176,-19.91454,-0.5297578,-0.2451693,-0.8119413,-0.3225945,0.2834114,-0.9031118,0.07623638,0.2198421,-0.972552,0.3095761,0.05197865,-0.9494529,0.5193877,-0.1851855,-0.8342319,47.2674,53.33599,60.77208,58.43398,45.81116,18.36592,17.54312,17.22968,16.39513,14.56344,TRUE,TRUE,TRUE,TRUE,TRUE,
5,10.62663,97.61143,93.75449,130.2914,111.7942,47.66838,-59.50142,83.18723,18.03624,-42.35956,152.749,-43.49847,7.727307,151.6216,-59.09937,45.80154,136.6605,-48.85926,71.8298,114.9907,-20.40741,-60.60379,84.00089,15.66402,-41.61314,155.4807,-42.7669,8.609437,155.2094,-57.93925,46.96318,139.4294,-48.15718,73.00043,117.0696,-20.19842,-0.5137587,-0.2685013,-0.8148369,-0.3243737,0.2674465,-0.9073335,0.07344102,0.201476,-0.9767363,0.3065345,0.03585914,-0.9511839,0.5166225,-0.1951827,-0.8336695,47.2674,53.33599,60.77208,58.43398,45.81116,18.36592,17.54312,17.22968,16.39513,14.56344,TRUE,TRUE,TRUE,TRUE,TRUE,
5,10.64469,115.078,138.4969,193.7647,160.7048,85.72413,-57.6142,82.40522,18.57714,-42.99775,150.3746,-45.08347,6.953396,147.9081,-60.88482,44.70636,133.3904,-50.24908,70.74941,113.4364,-21.30363,-58.55116,82.76623,16.64674,-42.13487,153.2744,-44.13809,7.885128,151.751,-59.63343,45.96046,136.4492,-49.5165,72.05442,115.829,-21.02803,-0.4742352,-0.3207234,-0.8199009,-0.3247199,0.2224336,-0.9192824,0.0713426,0.1474199,-0.9864976,0.2984292,-0.007942759,-0.9543988,0.5056545,-0.2213177,-0.8338657,47.2674,53.33599,60.77208,58.43398,45.81116,18.36592,17.54312,17.22968,16.39513,14.56344,TRUE,TRUE,TRUE,TRUE,TRUE,
5,10.66358,151.7509,163.0762,286.6082,187.2462,122.3817,-54.47775,81.38628,18.23355,-43.24856,147.9745,-46.5756,6.858767,142.4088,-62.40235,43.38397,130.0818,-51.41094,69.14003,111.5969,-22.34354,-55.12973,81.31409,17.03366,-42.4793,150.5149,-45.71605,7.531828,145.4929,-61.62818,44.49625,132.7671,-50.94319,70.37792,114.0325,-22.20176,-0.4162845,-0.3701811,-0.8304657,-0.3199077,0.1697249,-0.9321226,0.07617961,0.05291932,-0.9956888,0.2849797,-0.05237443,-0.9571016,0.4835278,-0.2479189,-0.8394862,47.2674,53.33599,60.77208,58.43398,45.81116,18.36592,17.54312,17.22968,16.39513,14.56344,TRUE,TRUE,TRUE,TRUE,TRUE,
5,10.67421,140.388,175.0728,318.5105,207.0409,139.243,-53.30535,81.20867,18.23836,-43.26279,146.48,-47.26086,6.976556,138.9844,-62.92027,42.38548,128.1541,-51.90657,68.07889,110.4863,-22.84575,-53.23872,80.72134,17.10893,-42.57108,148.734,-46.55318,7.5922,141.0761,-62.49886,43.31425,130.4077,-51.63,69.14516,112.842,-22.88849,-0.3941679,-0.3901699,-0.8321052,-0.3169253,0.1353394,-0.9387447,0.08025163,-0.002004547,-0.9967726,0.2709868,-0.08295944,-0.9590015,0.4669742,-0.2641407,-0.8438986,47.2674,53.33599,60.77208,58.43398,45.81116,18.36592,17.54312,17.22968,16.39513,14.56344,TRUE,TRUE,TRUE,TRUE,TRUE,
5,10.69787,104.3447,187.7634,340.3699,234.4422,160.5341,-51.4445,81.10273,18.30113,-43.22111,142.838,-48.38274,6.927705,131.42,-63.21365,39.94051,123.9003,-52.49626,65.43338,108.3055,-23.74746,-50.17943,80.15696,17.21522,-42.68737,144.1596,-48.12862,7.622103,131.1063,-63.23462,40.04644,124.8469,-52.60553,65.79491,110.0967,-24.25834,-0.3577676,-0.4219494,-0.8330432,-0.3120227,0.05788631,-0.9483095,0.08084276,-0.120187,-0.9894542,0.2329565,-0.1537105,-0.9602627,0.4214196,-0.2996367,-0.8559342,47.2674,53.33599,60.77208,58.43398,45.81116,18.36592,17.54312,17.22968,16.39513,14.56344,TRUE,TRUE,TRUE,TRUE,TRUE,
5,10.71011,95.55247,183.2109,318.3582,244.904,155.3672,-50.47948,81.11723,18.17823,-43.14727,141.0536,-48.68748,6.730573,128.251,-63.01841,38.52386,121.6838,-52.52406,64.2291,107.4603,-24.04626,-48.99237,80.14815,17.15748,-42.70868,141.7605,-48.66623,7.285324,127.0359,-63.06439,38.17279,121.918,-52.73604,64.15875,108.8923,-24.73315,-0.3405755,-0.4315995,-0.8353025,-0.3102398,0.02197364,-0.9504043,0.07583535,-0.1678544,-0.9828906,0.2094684,-0.1935594,-0.9584664,0.3997574,-0.3145986,-0.8609424,47.2674,53.33599,60.77208,58.43398,45.81116,18.36592,17.54312,17.22968,16.39513,14.56344,TRUE,TRUE,TRUE,TRUE,TRUE,
5,10.72256,78.36307,178.031,281.5291,240.059,148.7,-49.83431,81.24594,18.11947,-43.067,139.2453,-48.84569,6.487594,125.6784,-62.69989,37.20732,119.6045,-52.39363,63.0271,106.6826,-24.26803,-48.13426,80.27898,17.10646,-42.70753,139.3635,-49.00667,6.889831,123.8875,-62.69219,36.49107,119.2219,-52.61983,62.64757,107.8442,-25.05732,-0.3294646,-0.4376037,-0.8366338,-0.3086738,-0.0139957,-0.951065,0.07055241,-0.2059954,-0.9760063,0.1889762,-0.2293629,-0.9548197,0.3783375,-0.3285093,-0.8654146,47.2674,53.33599,60.77208,58.43398,45.81116,18.36592,17.54312,17.22968,16.39513,14.56344,TRUE,TRUE,TRUE,TRUE,TRUE,
5,10.74759,47.55846,167.0715,229.5502,186.5675,131.8672,-49.2028,81.85075,18.26723,-42.939,135.6439,-48.83515,5.661817,121.0035,-61.68582,35.43567,116.5025,-51.82786,60.88875,104.9934,-24.20563,-47.27036,80.86191,17.22264,-42.7123,134.8203,-49.14547,5.715466,118.7423,-61.51353,34.39331,115.5233,-51.9586,60.08181,105.7755,-25.10394,-0.315156,-0.4472313,-0.8370548,-0.3067993,-0.08707619,-0.9477826,0.05389235,-0.2789026,-0.958806,0.164296,-0.2784317,-0.9462994,0.3425211,-0.3600397,-0.8677849,47.2674,53.33599,60.77208,58.43398,45.81116,18.36592,17.54312,17.22968,16.39513,14.56344,TRUE,TRUE,TRUE,TRUE,TRUE,
4,10.76004,38.49028,161.1332,200.1729,157.5108,118.7086,-49.05927,82.20111,18.31384,-42.8479,133.9525,-48.56767,5.232896,119.3273,-61.02081,34.83345,115.4449,-51.38491,60.03659,104.3172,-23.96494,-47.08753,81.21667,17.29553,-42.69242,132.7685,-48.92378,5.128196,116.987,-60.78344,33.75593,114.3346,-51.46878,59.1035,104.9351,-24.87437,-0.3098128,-0.4480914,-0.8385882,-0.3059539,-0.1222718,-0.944162,0.04516276,-0.3062458,-0.9508805,0.1564154,-0.294397,-0.9427962,0.3291853,-0.3711131,-0.8682811,47.2674,53.33599,60.77208,58.43398,45.81116,18.36592,17.54312,17.22968,16.39513,14.56344,FALSE,TRUE,TRUE,TRUE,TRUE,
4,10.77248,34.44891,152.4321,174.6253,134.2531,106.2938,-48.85921,82.50607,18.37108,-42.72734,132.3899,-48.20164,4.825054,117.9177,-60.30949,34.35689,114.535,-50.89288,59.29546,103.7494,-23.68197,-46.93085,81.54358,17.37506,-42.63748,130.9333,-48.55919,4.581975,115.572,-60.01336,33.286,113.335,-50.92464,58.27667,104.2313,-24.57352,-0.3046791,-0.4485083,-0.8402446,-0.3052666,-0.154153,-0.939707,0.03607685,-0.3304476,-0.9431346,0.1496287,-0.3088758,-0.9392588,0.3166755,-0.3810476,-0.8686307,47.2674,53.33599,60.77208,58.43398,45.81116,18.36592,17.54312,17.22968,16.39513,14.56344,FALSE,TRUE,TRUE,TRUE,TRUE,
4,10.7972,29.03061,141.9508,121.1088,96.43796,77.68475,-48.65544,83.1236,18.53069,-42.44641,129.3097,-47.25176,4.265879,116.1512,-59.03732,33.7144,113.2095,-49.90599,58.20907,103.0338,-23.08096,-46.76641,82.16759,17.56713,-42.44359,127.6099,-47.54914,3.872574,113.9288,-58.66977,32.72383,111.9259,-49.85506,57.0993,103.3249,-23.92185,-0.2987468,-0.4468979,-0.8432275,-0.3039154,-0.2182258,-0.9273688,0.02259982,-0.363202,-0.9314363,0.1400722,-0.3315182,-0.9329928,0.2986363,-0.3936889,-0.8693822,47.2674,53.33599,60.77208,58.43398,45.81116,18.36592,17.54312,17.22968,16.39513,14.56344,FALSE,TRUE,TRUE,TRUE,TRUE,
4,10.80941,28.20968,123.7392,103.3955,85.7458,64.67619,-48.71707,83.47231,18.51728,-42.24584,128.3156,-46.78739,3.955836,115.5706,-58.40386,33.40387,112.706,-49.38591,57.80811,102.8736,-22.77631,-46.80345,82.48297,17.62286,-42.2735,126.4619,-47.05753,3.512366,113.4086,-58.04587,32.47204,111.3822,-49.32175,56.70841,103.1033,-23.62395,-0.2971575,-0.4432751,-0.8456978,-0.3015112,-0.2412779,-0.9224294,0.01557238,-0.3765589,-0.9262618,0.1354752,-0.3416331,-0.9300179,0.2932346,-0.3954815,-0.8704067,47.2674,53.33599,60.77208,58.43398,45.81116,18.36592,17.54312,17.22968,16.39513,14.56344,FALSE,TRUE,TRUE,TRUE,TRUE,
4,10.83388,26.79156,84.7382,90.95189,117.1292,59.52034,-48.28759,83.9726,18.28261,-41.85152,127.0123,-46.13849,3.234908,114.296,-57.29965,32.03209,110.5799,-48.18344,56.68005,102.555,-22.4657,-46.66994,83.05318,17.56444,-41.84234,125.0759,-46.32523,2.803278,112.3772,-56.97166,31.23813,109.1884,-48.07275,55.76525,102.7123,-23.20532,-0.2893541,-0.4384969,-0.8508788,-0.2950453,-0.2723616,-0.9158425,0.002042274,-0.4041982,-0.9146692,0.1121145,-0.3862816,-0.9155418,0.27428,-0.4050131,-0.8722012,47.2674,53.33599,60.77208,58.43398,45.81116,18.36592,17.54312,17.22968,16.39513,14.56344,FALSE,TRUE,TRUE,TRUE,TRUE,
4,10.84608,43.45565,86.70297,180.1192,180.1899,96.40294,-47.35843,84.09642,18.50616,-41.79445,125.9715,-45.59523,1.902931,111.1237,-55.74469,30.40699,108.0416,-46.9581,55.02785,101.9981,-22.28417,-46.17439,83.27257,17.59283,-41.69112,124.3598,-45.90733,1.585224,109.7254,-55.63251,29.66874,106.8055,-46.92665,54.48822,102.2964,-23.06745,-0.2772795,-0.4429809,-0.8525749,-0.2934939,-0.2908485,-0.9106418,-0.02046596,-0.4548772,-0.8903189,0.08310407,-0.4322902,-0.8978969,0.2402059,-0.4191847,-0.8755485,47.2674,53.33599,60.77208,58.43398,45.81116,18.36592,17.54312,17.22968,16.39513,14.56344,FALSE,TRUE,TRUE,TRUE,TRUE,
4,10.85816,75.14799,93.03815,267.3064,342.5656,162.0283,-46.00385,84.50025,18.53654,-41.45745,124.8215,-45.0738,0.2178927,107.0057,-53.74413,26.79632,102.2913,-44.17978,52.2736,100.758,-22.02414,-45.29401,83.59367,17.57051,-41.4457,123.5546,-45.46721,-0.1423313,105.9718,-53.76004,26.22712,101.5036,-44.47653,52.16232,101.462,-22.94126,-0.2600702,-0.4460456,-0.8563917,-0.291428,-0.3105545,-0.9047793,-0.05068663,-0.5103595,-0.8584661,0.0207706,-0.5200459,-0.8538857,0.1822041,-0.4379955,-0.880319,47.2674,53.33599,60.77208,58.43398,45.81116,18.36592,17.54312,17.22968,16.39513,14.56344,FALSE,TRUE,TRUE,TRUE,TRUE,
1,10.88204,187.4692,1147.738,1333.244,520.6121,1049.536,-40.96005,85.5405,15.51439,-37.66782,84.79905,3.915798,-25.08899,75.18345,4.619482,17.18977,89.34292,-35.99403,20.26749,84.71252,8.509285,-41.88757,84.32095,16.07423,-41.10702,90.82232,-17.93177,-19.009,81.86294,-24.53827,17.82728,89.76468,-37.54486,26.01904,83.7763,-8.573719,-0.1833169,-0.4424638,-0.8778501,-0.2776765,-0.9389828,-0.202995,-0.3798906,-0.9169986,-0.1216414,-0.1222876,-0.679166,-0.723726,-0.3626896,-0.7887001,-0.4963954,47.2674,53.33599,60.77208,58.43398,45.81116,18.36592,17.54312,17.22968,16.39513,14.56344,FALSE,FALSE,FALSE,TRUE,FALSE,
0,10.90239,607.3705,521.6635,704.1719,900.3721,866.2926,-35.32264,104.2181,6.073123,-35.30762,102.9854,-0.3783636,-26.31667,92.34189,1.243286,-5.04435,90.94334,2.866727,9.356968,92.20739,17.26541,-35.96374,96.13335,9.26258,-38.80614,95.92941,-10.58671,-23.22848,85.44554,-14.42881,2.313627,89.19024,-18.66313,13.14848,89.03465,5.662683,-0.07319772,-0.2279721,-0.9709123,-0.3424817,-0.9254805,-0.1618398,-0.500899,-0.8624951,-0.07212759,-0.513247,-0.7877052,-0.3407315,-0.6719867,-0.7001838,-0.241198,47.2674,53.33599,60.77208,58.43398,45.81116,18.36592,17.54312,17.22968,16.39513,14.56344,FALSE,FALSE,FALSE,FALSE,FALSE,
0,10.9113,588.7119,460.9774,601.9243,821.405,706.7556,-30.65804,107.1279,4.34876,-33.84449,107.9096,-1.904258,-25.46556,96.92555,0.80203,-6.140428,93.62236,3.820499,9.417586,95.18146,16.35152,-30.90409,102.4851,5.651387,-37.63052,99.11813,-9.325255,-23.66988,88.04135,-12.11774,-0.2387143,91.26696,-13.74455,11.73734,92.27264,8.372046,0.001796201,-0.2122705,-0.9772093,-0.3573957,-0.9199636,-0.1610444,-0.5231775,-0.8507979,-0.04927728,-0.5664638,-0.7823555,-0.2589181,-0.7115149,-0.6706508,-0.2096998,47.2674,53.33599,60.77208,58.43398,45.81116,18.36592,17.54312,17.22968,16.39513,14.56344,FALSE,FALSE,FALSE,FALSE,FALSE,
0,10.92945,449.13,341.9371,400.9734,647.3593,490.3342,-23.95122,108.8336,3.661902,-32.07422,112.7415,-2.819929,-24.23116,101.5754,0.009395475,-7.38098,95.73083,6.420715,8.933728,97.44521,16.9511,-22.77891,106.9392,3.439835,-35.58337,104.3321,-7.49912,-23.91076,92.03326,-8.932925,-3.266337,93.34143,-6.582008,9.957301,95.3446,12.44166,0.09165873,-0.2186794,-0.9714824,-0.3821651,-0.9095238,-0.1634511,-0.5515353,-0.8333942,-0.03553684,-0.6269677,-0.7697501,-0.119985,-0.7614469,-0.6345479,-0.1324673,47.2674,53.33599,60.77208,58.43398,45.81116,18.36592,17.54312,17.22968,16.39513,14.56344,FALSE,FALSE,FALSE,FALSE,FALSE,
0,10.94756,319.9575,259.8066,286.7145,502.4275,353.2412,-20.4491,110.4617,4.033751,-31.112,116.3095,-2.845201,-23.89068,104.644,0.4523999,-8.856833,97.02051,9.445197,7.934113,98.79604,18.4447,-18.62454,108.8911,3.817308,-33.71143,109.443,-6.095973,-23.90133,95.58241,-6.640234,-5.076438,94.46461,-1.928126,8.75744,97.02386,15.09848,0.1345195,-0.2168268,-0.9668974,-0.4085421,-0.8949657,-0.1792476,-0.5780007,-0.8153664,-0.03305583,-0.6649612,-0.7462288,-0.03113126,-0.7933249,-0.6023747,-0.08820625,47.2674,53.33599,60.77208,58.43398,45.81116,18.36592,17.54312,17.22968,16.39513,14.56344,FALSE,FALSE,FALSE,FALSE,FALSE,
0,10.96557,202.1519,188.0539,262.294,333.6695,238.6348,-18.22684,109.4787,5.317595,-31.80297,116.6312,-0.8859488,-25.39257,104.3342,3.922686,-10.10592,97.36377,10.6607,6.674281,99.14054,19.38256,-16.21363,108.0992,5.267224,-32.89508,112.4015,-4.35322,-24.22242,97.41666,-4.458,-6.267973,95.0498,0.8532248,7.6199,97.78721,16.94915,0.168965,-0.2427965,-0.955249,-0.4126339,-0.9028058,-0.1211405,-0.5816886,-0.8119684,0.04843271,-0.6738561,-0.7388488,0.004521405,-0.8034096,-0.5929745,-0.05398412,47.2674,53.33599,60.77208,58.43398,45.81116,18.36592,17.54312,17.22968,16.39513,14.56344,FALSE,FALSE,FALSE,FALSE,FALSE,
0,10.98374,132.969,222.7788,203.1447,282.2822,176.7804,-17.21153,107.7182,6.974205,-33.138,114.9799,3.229493,-26.89954,103.6718,6.028831,-12.13648,96.4726,13.18531,5.164187,98.68803,20.39161,-15.22716,106.3711,7.116735,-32.92612,112.9773,-2.493041,-24.60451,98.22067,-2.916849,-7.289673,95.24382,2.941939,6.548445,98.03134,18.26919,0.1982951,-0.2805664,-0.9391281,-0.4069242,-0.913344,-0.01467474,-0.5841036,-0.8070723,0.08635579,-0.6795648,-0.7308466,0.06367785,-0.810321,-0.5855556,-0.02245911,47.2674,53.33599,60.77208,58.43398,45.81116,18.36592,17.54312,17.22968,16.39513,14.56344,FALSE,FALSE,FALSE,FALSE,FALSE,
0,11.00179,101.317,207.59,160.9745,254.3034,181.5977,-17.09603,106.7026,8.405922,-34.85823,114.3531,6.074185,-28.71439,103.6842,7.338315,-14.5488,96.07758,15.78152,2.76302,98.5638,22.03371,-15.16266,105.459,8.520162,-33.1585,113.0611,-1.185178,-25.02111,98.7172,-1.777834,-8.301477,95.28335,4.773828,5.136325,98.07433,19.68338,0.2234781,-0.309436,-0.9242873,-0.3980294,-0.9163629,0.04302964,-0.5823155,-0.8059337,0.1066751,-0.6781352,-0.7252,0.1192374,-0.8138059,-0.5801953,0.03306677,47.2674,53.33599,60.77208,58.43398,45.81116,18.36592,17.54312,17.22968,16.39513,14.56344,FALSE,FALSE,FALSE,FALSE,FALSE,
0,11.01073,88.09218,192.6693,161.5073,230.3961,179.597,-17.15026,106.3671,8.972385,-35.56964,114.0798,7.198107,-29.57478,103.4468,8.369672,-15.50367,95.86671,16.7975,1.669451,98.39172,22.91153,-15.21608,105.2127,9.024292,-33.28749,113.0667,-0.6921347,-25.26215,98.91362,-1.225886,-8.810528,95.2802,5.632545,4.322281,98.04844,20.4656,0.2292227,-0.3149782,-0.9210026,-0.3936974,-0.9171396,0.06210813,-0.5794235,-0.8055501,0.1239251,-0.6765303,-0.7233167,0.1382742,-0.8140151,-0.5778146,0.05924343,47.2674,53.33599,60.77208,58.43398,45.81116,18.36592,17.54312,17.22968,16.39513,14.56344,FALSE,FALSE,FALSE,FALSE,FALSE,
0,11.0288,59.37115,163.9558,165.9013,180.8491,163.3256,-17.73445,105.8992,9.665057,-36.4748,113.1312,9.24689,-30.82856,102.4148,10.89188,-16.79975,95.17744,18.69727,0.05860053,97.77246,24.83228,-15.55589,104.9494,9.604079,-33.51925,113.0239,0.1238062,-25.75027,99.17209,-0.1179358,-9.784232,95.21257,7.275012,2.766054,97.85501,22.11605,0.2273985,-0.3214333,-0.9192228,-0.3854274,-0.9171689,0.1012277,-0.5731375,-0.8020337,0.1680932,-0.6740936,-0.7186337,0.170773,-0.8135197,-0.5717784,0.1060906,47.2674,53.33599,60.77208,58.43398,45.81116,18.36592,17.54312,17.22968,16.39513,14.56344,FALSE,FALSE,FALSE,FALSE,FALSE,
0,11.04695,45.2451,141.1559,135.5067,145.9771,136.4334,-18.83195,106.6756,9.847454,-37.95637,113.5166,10.92214,-32.55893,102.9607,12.09895,-18.66155,95.68951,19.7333,-1.876675,98.2814,25.56137,-16.01013,105.0991,9.85934,-33.75166,112.9993,0.7918543,-26.31396,99.41663,1.000421,-10.88303,95.18729,8.926882,1.11848,97.81973,23.56851,0.2250586,-0.3219186,-0.9196287,-0.3806515,-0.9152757,0.1318138,-0.5722041,-0.798186,0.1883658,-0.6742267,-0.7129524,0.1926582,-0.815127,-0.5637731,0.1331462,47.2674,53.33599,60.77208,58.43398,45.81116,18.36592,17.54312,17.22968,16.39513,14.56344,FALSE,FALSE,FALSE,FALSE,FALSE,
0,11.06512,80.31136,163.6817,158.1658,156.7915,154.3354,-18.81786,109.0192,10.5873,-39.9197,116.7634,12.44343,-34.89638,106.4702,12.19852,-21.24493,98.56873,19.69588,-4.580715,100.6953,25.59659,-16.40484,105.805,10.18578,-34.05108,113.092,1.490161,-27.35728,100.0856,2.599951,-12.66728,95.51535,11.07616,-1.125003,98.45496,24.93633,0.2537035,-0.3329059,-0.9081895,-0.3881135,-0.9106927,0.1414452,-0.5836222,-0.7915081,0.1813835,-0.6837113,-0.7029381,0.1960021,-0.8237006,-0.544521,0.1581587,47.2674,53.33599,60.77208,58.43398,45.81116,18.36592,17.54312,17.22968,16.39513,14.56344,FALSE,FALSE,FALSE,FALSE,FALSE,
0,11.0831,102.4168,183.1036,186.8123,174.7141,163.8645,-17.67614,110.7593,11.8053,-41.77304,120.2074,13.56238,-37.06304,110.1574,12.14497,-23.58636,101.622,19.60282,-6.762496,103.4659,24.79246,-16.22328,106.9339,10.8855,-34.79852,113.6672,2.87051,-29.81987,102.3392,5.408753,-16.1091,97.06598,14.20466,-4.315597,100.6092,25.66953,0.2878775,-0.3520996,-0.8905911,-0.3920722,-0.9091753,0.1402839,-0.5905716,-0.7881467,0.1733493,-0.6874481,-0.6973627,0.2027321,-0.8277668,-0.5346687,0.1700925,47.2674,53.33599,60.77208,58.43398,45.81116,18.36592,17.54312,17.22968,16.39513,14.56344,FALSE,FALSE,FALSE,FALSE,FALSE,
0,11.10118,110.305,179.6219,191.0752,180.1168,170.4299,-17.91578,113.2266,11.28778,-43.33272,123.2263,13.87602,-38.80348,113.3906,11.62816,-25.1749,104.6784,18.2613,-8.321983,106.236,23.27885,-16.02775,108.5315,11.37594,-36.32412,115.1858,5.2294,-33.5374,106.4253,8.621333,-20.39024,100.0524,16.85057,-7.249198,103.6568,25.19098,0.2930473,-0.3417148,-0.892947,-0.3884051,-0.9123967,0.1291265,-0.5894262,-0.791465,0.1617403,-0.6865155,-0.7016775,0.1906443,-0.8265505,-0.5365496,0.1700846,47.2674,53.33599,60.77208,58.43398,45.81116,18.36592,17.54312,17.22968,16.39513,14.56344,FALSE,FALSE,FALSE,FALSE,FALSE,
0,11.11018,107.9343,155.9664,168.6267,166.9066,156.4798,-18.2418,114.0706,10.81711,-43.87114,123.9294,13.84773,-39.36489,114.1914,11.33769,-25.62098,105.5435,17.57415,-8.785063,107.0508,22.61749,-16.08508,109.5445,11.3918,-37.38379,116.3068,6.675318,-35.42855,108.6395,9.87919,-22.14231,101.619,17.40759,-8.269622,104.9822,24.6105,0.2918882,-0.3328138,-0.8966807,-0.3830287,-0.9152313,0.1250627,-0.5854313,-0.7952225,0.1577701,-0.6839033,-0.7064704,0.1821423,-0.8240001,-0.5408782,0.1687442,47.2674,53.33599,60.77208,58.43398,45.81116,18.36592,17.54312,17.22968,16.39513,14.56344,FALSE,FALSE,FALSE,FALSE,FALSE,
0,11.12827,117.668,119.8659,138.7732,158.93,166.5658,-19.38287,115.3718,8.895517,-45.56083,124.5933,13.09471,-40.99783,115.1043,10.03585,-26.86357,106.7347,15.36482,-9.93222,108.4571,19.90434,-16.57481,111.3857,10.78817,-40.08564,118.8109,9.488797,-38.86646,112.0732,10.95219,-24.71596,103.9645,17.06201,-9.67929,106.8698,22.46137,0.2826884,-0.3075425,-0.908573,-0.3585291,-0.9263638,0.1153563,-0.5641524,-0.8113242,0.1532488,-0.6655687,-0.7256125,0.1746565,-0.8127471,-0.5595732,0.1622343,47.2674,53.33599,60.77208,58.43398,45.81116,18.36592,17.54312,17.22968,16.39513,14.56344,FALSE,FALSE,FALSE,FALSE,FALSE,
0,11.14641,157.4761,165.41,156.5549,143.8361,142.192,-18.79221,109.1876,6.977709,-43.95071,118.3768,10.02278,-39.2425,108.7202,8.095769,-25.17958,101.1486,13.82857,-8.313196,103.4689,18.35134,-17.10163,111.3212,9.686861,-41.8074,119.4131,10.57867,-39.62079,111.1636,10.17009,-25.34928,103.7175,15.93584,-9.543557,106.2428,20.5544,0.3030382,-0.3752664,-0.8759812,-0.3516577,-0.9189779,0.1783719,-0.5583603,-0.8034322,0.2067134,-0.6647443,-0.7186477,0.2041089,-0.8177033,-0.5538331,0.1569399,47.2674,53.33599,60.77208,58.43398,45.81116,18.36592,17.54312,17.22968,16.39513,14.56344,FALSE,FALSE,FALSE,FALSE,FALSE,
0,11.16445,405.7863,345.9262,333.509,331.8986,349.0657,-21.95188,98.02022,4.340532,-44.66019,108.5364,7.574429,-40.15253,98.75328,7.297492,-25.94325,91.92772,11.03923,-8.759918,94.30335,14.35921,-19.07649,105.9776,7.840583,-42.88176,114.9458,10.17612,-39.76869,103.2593,9.460975,-25.47357,98.79027,14.13784,-9.078139,101.0714,18.12403,0.2267669,-0.4812461,-0.8467461,-0.351731,-0.881232,0.3157775,-0.5511826,-0.7559395,0.3532041,-0.6708357,-0.6809145,0.2938281,-0.8270306,-0.5182897,0.2177066,47.2674,53.33599,60.77208,58.43398,45.81116,18.36592,17.54312,17.22968,16.39513,14.56344,FALSE,FALSE,FALSE,FALSE,FALSE,
0,11.17417,569.8798,587.076,546.4115,598.8744,611.9773,-18.30677,94.89972,-7.594217,-40.96349,104.2825,-4.808296,-35.86814,94.78659,-4.761128,-21.4004,88.779,-1.833422,-4.298827,91.9496,1.75006,-19.07706,102.5963,3.449918,-42.26808,111.6445,6.192689,-38.0159,99.28076,3.761339,-24.34447,96.02201,9.643088,-7.775115,98.59363,13.48229,0.2734751,-0.4405379,-0.8550659,-0.3113503,-0.9084729,0.2788152,-0.5158647,-0.7936519,0.3224906,-0.6431246,-0.7281292,0.2371046,-0.8071154,-0.5728893,0.1426978,47.2674,53.33599,60.77208,58.43398,45.81116,18.36592,17.54312,17.22968,16.39513,14.56344,FALSE,FALSE,FALSE,FALSE,FALSE,
0,11.1948,684.7802,719.2134,710.0338,813.5693,789.3984,-14.90675,92.74859,-24.85839,-37.14736,98.44624,-21.3271,-30.5076,89.61816,-21.94492,-14.94552,86.57115,-21.99518,1.761306,91.48271,-17.51736,-18.50859,100.6312,-1.870293,-40.08529,105.6954,-4.357085,-34.17088,93.72237,-8.114935,-21.16797,92.29688,-0.9529955,-4.72409,95.82441,3.698488,0.319964,-0.2314355,-0.9187278,-0.1653841,-0.9814412,0.09706324,-0.3790948,-0.9084438,0.1761163,-0.5226285,-0.8512786,0.0467353,-0.7075199,-0.7055355,-0.04043953,47.2674,53.33599,60.77208,58.43398,45.81116,18.36592,17.54312,17.22968,16.39513,14.56344,FALSE,FALSE,FALSE,FALSE,FALSE,
0,11.21322,480.4232,495.8004,497.4405,691.7065,664.4328,-15.57532,94.06095,-30.38663,-36.22769,98.89266,-26.24782,-28.95735,89.85518,-27.17007,-12.39762,90.5502,-31.7623,4.725499,95.0549,-26.5173,-18.13503,99.22105,-7.131644,-39.04017,103.794,-9.870011,-32.3573,92.13123,-14.05014,-19.43988,91.87411,-7.087366,-3.014871,95.61707,-1.847661,0.2764499,-0.1330782,-0.9517698,-0.1086434,-0.9940757,0.003169514,-0.3175284,-0.9414693,0.1131874,-0.4783576,-0.873181,-0.09342878,-0.6637359,-0.7291652,-0.1666514,47.2674,53.33599,60.77208,58.43398,45.81116,18.36592,17.54312,17.22968,16.39513,14.56344,FALSE,FALSE,FALSE,FALSE,FALSE,
3,11.23125,920.5276,686.6574,1024.671,1061.146,962.3836,-42.49235,90.1065,9.865205,-40.1904,156.654,-40.7849,0.5497508,158.0114,-53.92368,34.14644,144.6145,-46.78301,56.07703,109.8994,-20.89638,-21.05705,95.80812,-5.243936,-40.13536,103.6529,-14.42268,-31.66009,92.0868,-17.61292,-16.33582,92.52252,-10.86397,5.611526,93.78878,-6.765358,-0.1317721,-0.3800267,-0.9155413,-0.3569168,-0.5274943,-0.7709476,-0.2634044,-0.5713394,-0.7772962,-0.1455081,-0.5411046,-0.8282713,-0.1262987,-0.6994826,-0.7034009,47.2674,53.33599,60.77208,58.43398,45.81116,18.36592,17.54312,17.22968,16.39513,14.56344,FALSE,TRUE,TRUE,TRUE,FALSE,
4,11.24929,836.9738,685.3823,1044.386,1015.411,909.9977,-46.11448,85.20403,21.20621,-42.46703,148.3372,-40.19477,4.438873,147.726,-54.1238,36.83337,135.3005,-44.95293,61.36853,107.4548,-15.91717,-24.74766,93.23137,-0.8966969,-41.28159,107.0603,-19.38817,-26.17696,97.73099,-25.98108,-5.347165,97.34734,-20.05047,24.22438,93.66304,-10.56468,-0.2652056,-0.4298215,-0.8630872,-0.3470096,-0.1342842,-0.9281983,-0.05838057,-0.1801115,-0.9819122,0.1024725,-0.2369599,-0.9661001,0.2213571,-0.5096473,-0.8314209,47.2674,53.33599,60.77208,58.43398,45.81116,18.36592,17.54312,17.22968,16.39513,14.56344,FALSE,TRUE,TRUE,TRUE,TRUE,
4,11.26742,522.9528,634.256,865.0144,793.8702,690.7668,-46.58202,83.28928,23.59826,-43.25194,147.4769,-38.89497,4.642826,146.2197,-53.33761,37.42446,133.4319,-43.98019,63.13832,108.1719,-15.09096,-27.89343,91.39074,2.830506,-42.45239,115.8241,-25.77394,-17.61143,109.1741,-35.47542,10.14505,107.6239,-30.14471,43.89012,98.07008,-13.33132,-0.3063546,-0.4300996,-0.8492121,-0.3259208,0.08400612,-0.9416574,0.0241207,0.04527659,-0.9986833,0.1915884,-0.05751977,-0.9797884,0.3670133,-0.3370383,-0.86701,47.2674,53.33599,60.77208,58.43398,45.81116,18.36592,17.54312,17.22968,16.39513,14.56344,FALSE,TRUE,TRUE,TRUE,TRUE,
4,11.2764,403.5325,558.4043,738.5602,675.2272,579.6815,-46.86626,82.96857,24.02692,-43.45082,147.4689,-38.63255,4.419776,146.3246,-53.19825,37.81883,133.4365,-43.77858,63.61742,108.4194,-15.03162,-29.23164,90.64063,4.392669,-42.95381,121.8048,-29.00289,-12.86755,116.4375,-40.04887,17.79563,113.6608,-34.45823,51.33205,100.926,-14.2059,-0.3163065,-0.4296749,-0.8457716,-0.3196422,0.1415114,-0.9369116,0.04112373,0.1093356,-0.9931539,0.2164695,-0.004544841,-0.9762788,0.4047562,-0.2831729,-0.8694743,47.2674,53.33599,60.77208,58.43398,45.81116,18.36592,17.54312,17.22968,16.39513,14.56344,FALSE,TRUE,TRUE,TRUE,TRUE,
4,11.29455,230.0542,371.1129,484.7433,439.8286,371.0341,-46.9565,82.28589,24.48931,-43.74757,147.421,-38.26967,4.037862,146.5412,-53.00926,38.35229,133.449,-43.59378,64.26109,108.7395,-15.03933,-31.57689,89.31664,7.12889,-43.70238,133.8521,-34.24589,-4.430205,130.7398,-47.38991,29.9287,124.1734,-40.38667,60.37588,105.4459,-15.05194,-0.3241314,-0.4315363,-0.8418523,-0.3146913,0.2012079,-0.9276232,0.05510632,0.1804446,-0.9820402,0.244099,0.05189408,-0.9683608,0.4418595,-0.2265619,-0.8680034,47.2674,53.33599,60.77208,58.43398,45.81116,18.36592,17.54312,17.22968,16.39513,14.56344,FALSE,TRUE,TRUE,TRUE,TRUE,
4,11.31257,128.9782,213.2604,284.1825,252.0998,221.0368,-46.73056,81.27296,24.5015,-43.86313,147.1997,-38.22521,3.800322,146.5869,-53.0309,38.63763,133.2086,-43.67833,64.68443,108.7483,-15.24348,-33.51744,88.08887,9.433599,-44.08629,141.6483,-37.09983,0.5435994,140.1277,-51.39933,36.0597,129.6069,-42.99477,63.7323,107.4077,-15.38697,-0.3239552,-0.4356012,-0.8398242,-0.3135063,0.2225156,-0.9231471,0.05709253,0.2071697,-0.9766377,0.2529112,0.06817536,-0.9650845,0.456826,-0.2024536,-0.8662116,47.2674,53.33599,60.77208,58.43398,45.81116,18.36592,17.54312,17.22968,16.39513,14.56344,FALSE,TRUE,TRUE,TRUE,TRUE,
4,11.3307,77.99463,115.0366,153.2415,140.13,129.897,-46.33081,80.2009,24.34733,-43.82108,147.0212,-38.43414,3.797682,146.4011,-53.27367,38.93747,132.87,-43.92295,65.00188,108.618,-15.57967,-35.43975,86.67015,11.7691,-44.17024,144.9001,-38.30707,2.593209,144.1029,-53.06293,38.36151,131.3381,-43.9035,64.85262,108.0228,-15.69298,-0.3190043,-0.443347,-0.8376632,-0.3131134,0.2304765,-0.9213254,0.05735344,0.2144846,-0.975042,0.258334,0.07456247,-0.9631739,0.4653953,-0.1873736,-0.8650424,47.2674,53.33599,60.77208,58.43398,45.81116,18.36592,17.54312,17.22968,16.39513,14.56344,FALSE,TRUE,TRUE,TRUE,TRUE,
4,11.34881,58.55565,60.07053,77.62878,76.8029,76.59856,-45.87603,79.2528,24.13872,-43.68582,146.9021,-38.72831,3.92508,146.1265,-53.59124,39.22141,132.4204,-44.22832,65.25023,108.3521,-15.94272,-37.7532,84.64756,14.68932,-44.07506,145.7077,-38.84217,3.240517,144.9765,-53.74403,39.16972,131.4555,-44.30375,65.33393,108.087,-16.03818,-0.3125351,-0.4512098,-0.8359016,-0.3127263,0.233149,-0.9207844,0.05759039,0.2150112,-0.974912,0.2621034,0.07607289,-0.9620367,0.4710234,-0.177702,-0.8640364,47.2674,53.33599,60.77208,58.43398,45.81116,18.36592,17.54312,17.22968,16.39513,14.56344,FALSE,TRUE,TRUE,TRUE,TRUE,
4,11.36688,50.03741,36.01385,38.26893,46.13584,45.89075,-45.60526,78.45478,23.86749,-43.45709,146.8745,-39.13248,4.119777,145.6447,-53.98736,39.54941,131.8643,-44.51313,65.44164,107.9576,-16.23877,-40.45497,81.84007,18.19947,-43.87205,145.8339,-39.26029,3.537079,144.7772,-54.17096,39.63642,131.065,-44.57872,65.6304,107.8946,-16.32163,-0.3061732,-0.4585497,-0.8342602,-0.3105952,0.2351511,-0.9209965,0.05908287,0.2107952,-0.9757431,0.2666041,0.07455869,-0.9609179,0.4761438,-0.1713501,-0.8625116,47.2674,53.33599,60.77208,58.43398,45.81116,18.36592,17.54312,17.22968,16.39513,14.56344,FALSE,TRUE,TRUE,TRUE,TRUE,
4,11.37582,47.15952,30.58394,29.81682,40.03788,36.41528,-45.51265,78.09801,23.70197,-43.33224,146.8654,-39.32684,4.217227,145.3645,-54.17197,39.73954,131.6055,-44.62164,65.51734,107.7646,-16.36985,-41.69887,80.3737,19.80918,-43.75821,145.8491,-39.4441,3.650297,144.5587,-54.33999,39.86493,130.8421,-44.67747,65.73129,107.771,-16.44301,-0.3034053,-0.4610941,-0.8338689,-0.309285,0.236329,-0.9211359,0.05972565,0.2075349,-0.9764026,0.2692271,0.07378171,-0.9602463,0.4780165,-0.1687609,-0.8619861,47.2674,53.33599,60.77208,58.43398,45.81116,18.36592,17.54312,17.22968,16.39513,14.56344,FALSE,TRUE,TRUE,TRUE,TRUE,
4,11.38492,43.67432,27.36135,27.12248,36.20483,29.42935,-45.48349,77.77845,23.54414,-43.21883,146.8497,-39.52697,4.315894,145.1008,-54.34097,39.92091,131.3593,-44.7051,65.58344,107.5958,-16.46445,-42.72513,79.05672,21.09907,-43.65154,145.8542,-39.61742,3.756706,144.3375,-54.4882,40.08916,130.6186,-44.75141,65.8187,107.6584,-16.53254,-0.3011574,-0.4633556,-0.8334302,-0.3077714,0.2370301,-0.9214627,0.06067235,0.2041314,-0.9770615,0.2719811,0.07265497,-0.9595559,0.4801911,-0.1663312,-0.8612494,47.2674,53.33599,60.77208,58.43398,45.81116,18.36592,17.54312,17.22968,16.39513,14.56344,FALSE,TRUE,TRUE,TRUE,TRUE,
4,11.41203,21.89378,20.743,21.16968,23.84858,15.42014,-45.55089,77.56065,23.26636,-42.94669,147.0435,-39.81432,4.52687,144.7131,-54.57935,40.28325,131.1234,-44.76942,65.73184,107.4812,-16.55087,-44.35463,76.94176,22.85482,-43.34768,146.0293,-39.96807,4.044038,143.7908,-54.80606,40.58778,130.3427,-44.808,66.01947,107.6103,-16.62594,-0.2997176,-0.4645169,-0.8333027,-0.3045244,0.2391622,-0.9219904,0.06201579,0.1959663,-0.9786476,0.276899,0.07118601,-0.9582586,0.4839782,-0.161613,-0.860027,47.2674,53.33599,60.77208,58.43398,45.81116,18.36592,17.54312,17.22968,16.39513,14.56344,FALSE,TRUE,TRUE,TRUE,TRUE,
4,11.43014,17.79357,20.62574,24.97953,22.6982,12.24317,-45.51113,77.36002,23.07891,-42.74224,147.2333,-40.01194,4.642988,144.2907,-54.77414,40.59317,130.9761,-44.80241,65.85758,107.4792,-16.62528,-44.69017,76.42175,23.14932,-43.19631,146.1557,-40.1154,4.164045,143.4444,-54.95892,40.89794,130.2324,-44.8096,66.1319,107.6573,-16.66977,-0.2975964,-0.4662841,-0.8330759,-0.3024512,0.2402642,-0.9223862,0.06174564,0.1855424,-0.9806944,0.2807072,0.06882872,-0.9573224,0.4864704,-0.1582826,-0.8592399,47.2674,53.33599,60.77208,58.43398,45.81116,18.36592,17.54312,17.22968,16.39513,14.56344,FALSE,TRUE,TRUE,TRUE,TRUE,
4,11.4482,12.73667,22.33535,28.86624,25.70052,11.44476,-45.48512,77.30606,22.86943,-42.47373,147.4533,-40.25316,4.852486,143.8599,-54.99096,41.03389,130.7854,-44.8191,66.00471,107.5391,-16.72044,-44.81093,76.2082,23.1644,-42.98293,146.33,-40.3002,4.377219,142.9751,-55.16003,41.39777,130.0431,-44.78521,66.27934,107.7722,-16.73817,-0.2963293,-0.4674343,-0.832883,-0.3004811,0.2383076,-0.923537,0.06200185,0.1727812,-0.9830068,0.2854732,0.06327019,-0.956296,0.4884427,-0.1555166,-0.8586258,47.2674,53.33599,60.77208,58.43398,45.81116,18.36592,17.54312,17.22968,16.39513,14.56344,FALSE,TRUE,TRUE,TRUE,TRUE,
4,11.46624,10.19714,21.24776,32.06004,26.41189,10.45666,-45.5582,77.32739,22.69573,-42.22472,147.5808,-40.44939,4.994846,143.3343,-55.15167,41.43584,130.5869,-44.79449,66.12429,107.6169,-16.77901,-44.88014,76.14643,23.11912,-42.75001,146.4702,-40.47612,4.590235,142.3853,-55.34369,41.85123,129.8289,-44.72821,66.40424,107.8962,-16.78116,-0.2969772,-0.467126,-0.8328252,-0.2987004,0.2342242,-0.9251578,0.0610339,0.1579069,-0.985566,0.2896985,0.05738615,-0.9553961,0.4899704,-0.1531171,-0.8581865,47.2674,53.33599,60.77208,58.43398,45.81116,18.36592,17.54312,17.22968,16.39513,14.56344,FALSE,TRUE,TRUE,TRUE,TRUE,
4,11.47526,12.0461,21.21926,32.64999,26.86072,10.23658,-45.64828,77.4091,22.589,-42.08942,147.6306,-40.56048,5.076377,143.0818,-55.23131,41.63742,130.4656,-44.77551,66.17735,107.6691,-16.80257,-44.9226,76.14794,23.08984,-42.62968,146.5215,-40.56522,4.6947,142.0654,-55.43001,42.06688,129.6866,-44.69503,66.45865,107.9731,-16.79457,-0.2981191,-0.4661608,-0.832958,-0.2977677,0.231002,-0.926268,0.06071196,0.1504892,-0.9867457,0.2916692,0.05346677,-0.9550238,0.4907115,-0.1519571,-0.8579693,47.2674,53.33599,60.77208,58.43398,45.81116,18.36592,17.54312,17.22968,16.39513,14.56344,FALSE,TRUE,TRUE,TRUE,TRUE,
4,11.49332,18.91717,26.38823,30.22952,27.97681,11.06025,-45.70634,77.66029,22.16243,-41.72805,147.8815,-40.93674,5.345803,142.7704,-55.50261,42.12317,130.3084,-44.83772,66.31005,107.7939,-16.94653,-44.98939,76.18856,22.99955,-42.36695,146.6479,-40.78871,4.958928,141.581,-55.66625,42.55312,129.4622,-44.73488,66.57732,108.1115,-16.90232,-0.2973612,-0.4648377,-0.8339678,-0.2956152,0.2241733,-0.9286323,0.06076344,0.1370325,-0.9887011,0.2959468,0.04512733,-0.9541378,0.4921323,-0.1513202,-0.8572677,47.2674,53.33599,60.77208,58.43398,45.81116,18.36592,17.54312,17.22968,16.39513,14.56344,FALSE,TRUE,TRUE,TRUE,TRUE,
4,11.51146,21.59502,23.71652,25.15034,25.1991,10.56103,-45.83352,77.87147,21.8326,-41.49144,147.9513,-41.24352,5.521596,142.5483,-55.71156,42.48571,130.1363,-44.88749,66.37553,107.9083,-17.10208,-45.04409,76.24273,22.90323,-42.14225,146.7304,-41.01121,5.180419,141.2925,-55.87577,42.91236,129.2343,-44.77299,66.64087,108.2197,-17.03228,-0.2981109,-0.4632907,-0.8345608,-0.2949196,0.2151777,-0.9309785,0.06043823,0.1265268,-0.9901203,0.2988469,0.03692965,-0.9535862,0.4926761,-0.1509285,-0.8570244,47.2674,53.33599,60.77208,58.43398,45.81116,18.36592,17.54312,17.22968,16.39513,14.56344,FALSE,TRUE,TRUE,TRUE,TRUE,
4,11.53341,24.62606,22.50046,19.24928,19.54056,13.7444,-45.95716,78.14782,21.383,-41.29903,148.0835,-41.64403,5.655607,142.4651,-56.02027,42.7574,129.9663,-45.05123,66.38893,108.1415,-17.39239,-45.10547,76.31346,22.78654,-41.95771,146.7839,-41.23405,5.346726,141.1463,-56.11603,43.14212,128.9803,-44.93229,66.65401,108.3897,-17.23791,-0.2982362,-0.4617937,-0.8353453,-0.2944309,0.2056521,-0.9332833,0.06014435,0.1170405,-0.9913043,0.3002324,0.02629642,-0.9535035,0.4925994,-0.1504698,-0.8571491,47.2674,53.33599,60.77208,58.43398,45.81116,18.36592,17.54312,17.22968,16.39513,14.56344,FALSE,TRUE,TRUE,TRUE,TRUE,
4,11.54678,28.7943,25.41853,23.55781,17.30678,20.92646,-45.98421,78.39761,20.97955,-41.24732,148.0504,-42.06395,5.655616,142.3039,-56.39941,42.81025,129.9883,-45.37089,66.36716,108.3752,-17.777,-45.13622,76.36433,22.70824,-41.89748,146.791,-41.35273,5.376564,141.0252,-56.33591,43.15202,128.966,-45.202,66.63485,108.5162,-17.44266,-0.2980552,-0.4613453,-0.8356576,-0.2950191,0.1964426,-0.9350797,0.05880592,0.1076686,-0.9924461,0.2994468,0.02065166,-0.9538895,0.4916811,-0.1508348,-0.8576121,47.2674,53.33599,60.77208,58.43398,45.81116,18.36592,17.54312,17.22968,16.39513,14.56344,FALSE,TRUE,TRUE,TRUE,TRUE,
4,11.56423,26.34565,50.43786,58.79926,38.4172,31.50047,-45.95473,78.69107,20.71983,-41.44865,147.0984,-43.08104,5.325215,140.9875,-57.33434,42.50875,129.2985,-46.18822,66.06647,108.3994,-18.50163,-45.16322,76.43827,22.60743,-41.86514,146.6797,-41.56369,5.241002,140.2533,-56.90002,42.8669,128.4211,-45.81837,66.51486,108.5616,-17.74317,-0.2962826,-0.4702041,-0.8313391,-0.2976464,0.1688616,-0.9396235,0.05388666,0.07708438,-0.9955673,0.2941821,0.000202685,-0.9557494,0.486214,-0.1618598,-0.8587185,47.2674,53.33599,60.77208,58.43398,45.81116,18.36592,17.54312,17.22968,16.39513,14.56344,FALSE,TRUE,TRUE,TRUE,TRUE,
4,11.56423,26.34565,50.43786,58.79926,38.4172,31.50047,-45.95473,78.69107,20.71983,-41.44865,147.0984,-43.08104,5.325215,140.9875,-57.33434,42.50875,129.2985,-46.18822,66.06647,108.3994,-18.50163,-45.16322,76.43827,22.60743,-41.86514,146.6797,-41.56369,5.241002,140.2533,-56.90002,42.8669,128.4211,-45.81837,66.51486,108.5616,-17.74317,-0.2962826,-0.4702041,-0.8313391,-0.2976464,0.1688616,-0.9396235,0.05388666,0.07708438,-0.9955673,0.2941821,0.000202685,-0.9557494,0.486214,-0.1618598,-0.8587185,47.2674,53.33599,60.77208,58.43398,45.81116,18.36592,17.54312,17.22968,16.39513,14.56344,FALSE,TRUE,TRUE,TRUE,TRUE,
4,11.58457,37.54185,112.257,168.2922,160.8889,121.0781,-45.29294,78.80611,22.0247,-41.99738,144.0835,-44.57592,4.283383,136.0631,-58.91633,40.82787,124.6236,-47.70572,63.67727,106.1775,-20.13522,-45.08913,76.55302,22.56483,-41.89544,146.0424,-42.06996,4.559996,136.7434,-58.14134,41.20619,124.4616,-47.20987,65.35651,107.82,-18.69332,-0.2908167,-0.5074083,-0.8111488,-0.3050297,0.1112819,-0.9458188,0.03918834,0.000940712,-0.9992314,0.2643445,-0.07780937,-0.9612844,0.4332063,-0.2095928,-0.8765861,47.2674,53.33599,60.77208,58.43398,45.81116,18.36592,17.54312,17.22968,16.39513,14.56344,FALSE,TRUE,TRUE,TRUE,TRUE,
4,11.60482,69.25613,123.7854,250.2097,404.4119,241.4441,-44.82881,79.13728,23.99067,-42.0563,141.4225,-45.49788,3.281404,129.6783,-59.89235,36.93095,113.8402,-48.42928,60.03335,100.5599,-21.31373,-44.95761,76.65046,22.66043,-41.92361,144.8136,-42.80319,3.51184,130.5436,-59.35487,36.35482,112.3609,-48.45693,62.34261,104.4854,-20.21071,-0.2905147,-0.5444776,-0.7868579,-0.3105101,0.06983444,-0.9480014,0.02065637,-0.07565485,-0.9969201,0.1916322,-0.2307119,-0.9539649,0.3595522,-0.2844593,-0.8887098,47.2674,53.33599,60.77208,58.43398,45.81116,18.36592,17.54312,17.22968,16.39513,14.56344,FALSE,TRUE,TRUE,TRUE,TRUE,
4,11.623,247.1105,1546.014,1773.903,1709.521,1330.849,-40.59671,77.19163,16.32055,-42.13747,84.66525,-9.01356,-23.46206,73.10645,-12.58839,0.493092,69.10623,-5.611079,23.27484,72.41109,3.880621,-44.50777,76.6144,22.20976,-44.77293,111.8241,-35.61422,-16.91627,84.08055,-41.74807,8.160099,71.31782,-29.12646,39.63795,80.259,-13.10369,-0.207121,-0.5627663,-0.8002468,-0.3944479,-0.7989581,-0.4539569,-0.3529477,-0.8138396,-0.4616199,-0.3044059,-0.8470818,-0.4356483,-0.2863832,-0.8384523,-0.463662,47.2674,53.33599,60.77208,58.43398,45.81116,18.36592,17.54312,17.22968,16.39513,14.56344,FALSE,TRUE,TRUE,TRUE,TRUE,
0,11.64616,402.4217,764.357,970.5777,981.0052,820.9167,-34.73317,83.91165,7.493053,-40.67717,83.4702,-8.370765,-27.27162,72.89711,-8.409321,-6.605325,69.31297,-1.122195,13.10386,73.83648,8.384621,-43.52282,76.99461,21.04037,-43.53651,92.43836,-23.58019,-24.50066,74.07764,-24.04974,-2.389978,68.19334,-13.50144,21.67077,72.72799,-2.031447,-0.1007901,-0.4387244,-0.8929514,-0.3476925,-0.9207293,-0.1771087,-0.4477575,-0.884023,-0.1342261,-0.4765525,-0.8673305,-0.1436505,-0.557566,-0.8006734,-0.2191855,47.2674,53.33599,60.77208,58.43398,45.81116,18.36592,17.54312,17.22968,16.39513,14.56344,FALSE,FALSE,FALSE,FALSE,FALSE,
0,11.66427,428.7937,311.5737,522.7417,586.7061,531.7104,-29.63794,90.46461,3.691964,-38.84604,92.73741,-12.11289,-26.45785,81.3748,-10.12159,-7.215463,76.46988,-1.875137,11.5123,80.03466,7.860225,-41.77751,78.2551,19.10226,-41.6806,91.92866,-19.81487,-25.33616,77.79272,-19.09027,-4.895702,73.41977,-8.71733,15.33745,76.60725,2.619134,-0.0108402,-0.3477282,-0.9375327,-0.3434591,-0.9202476,-0.1875641,-0.4752918,-0.87542,-0.08796328,-0.5297851,-0.8424269,-0.09820727,-0.6334569,-0.7498489,-0.1909424,47.2674,53.33599,60.77208,58.43398,45.81116,18.36592,17.54312,17.22968,16.39513,14.56344,FALSE,FALSE,FALSE,FALSE,FALSE,
0,11.68234,396.0811,265.744,424.4479,489.8162,465.3086,-25.44851,96.62774,3.950137,-37.23055,101.2996,-12.21615,-26.27817,88.33279,-7.847147,-8.738708,81.72707,1.597732,9.362978,84.46434,11.5158,-37.74002,81.81242,15.68329,-40.2912,94.75015,-17.89958,-25.64908,81.18705,-15.82825,-6.750495,77.37788,-4.35962,11.49412,80.84339,7.324047,0.05403838,-0.2937144,-0.9543645,-0.3753769,-0.8968433,-0.2340178,-0.5208668,-0.8517597,-0.056596,-0.5892595,-0.8057801,-0.05909013,-0.7039126,-0.69441,-0.1493382,47.2674,53.33599,60.77208,58.43398,45.81116,18.36592,17.54312,17.22968,16.39513,14.56344,FALSE,FALSE,FALSE,FALSE,FALSE,
0,11.70045,311.6848,242.2644,376.4621,432.0911,365.3323,-22.19982,99.7269,4.537952,-36.27573,106.1074,-12.07061,-27.07687,91.16194,-4.189565,-10.82321,83.89468,5.820571,7.417037,86.57011,14.39778,-30.92187,88.31505,11.29888,-38.72445,99.39708,-16.14883,-26.0354,83.51699,-13.14355,-8.477509,79.91669,-0.488868,8.791183,83.75423,11.32427,0.09372209,-0.2702392,-0.9582207,-0.3992274,-0.8791689,-0.260153,-0.5523392,-0.8336094,0.004093717,-0.6309503,-0.7757763,0.008529236,-0.7478027,-0.6555207,-0.1052787,47.2674,53.33599,60.77208,58.43398,45.81116,18.36592,17.54312,17.22968,16.39513,14.56344,FALSE,FALSE,FALSE,FALSE,FALSE,
0,11.71854,195.8736,217.4818,354.3062,377.5851,321.1963,-21.07744,100.5528,5.849705,-36.96753,105.8597,-8.283465,-28.69057,91.04081,0.6332151,-12.9256,84.17035,10.49425,5.146501,87.22566,17.99697,-24.52405,94.15115,8.388236,-38.10832,101.4877,-13.8162,-26.45386,84.53391,-11.06822,-9.899207,80.94041,2.862087,6.771645,85.10067,14.60963,0.1063554,-0.2631578,-0.9588725,-0.398932,-0.9008856,-0.1710512,-0.5551867,-0.827916,0.0795166,-0.6416333,-0.7623559,0.08438078,-0.7687072,-0.638895,-0.03004208,47.2674,53.33599,60.77208,58.43398,45.81116,18.36592,17.54312,17.22968,16.39513,14.56344,FALSE,FALSE,FALSE,FALSE,FALSE,
0,11.72746,135.029,236.5606,337.0263,357.6853,289.0222,-21.3465,100.638,6.521234,-37.87885,105.5901,-6.076714,-29.93197,91.02739,2.763525,-14.34312,84.25719,12.48399,3.794016,87.39741,19.14047,-22.68652,96.04786,7.782036,-38.10971,101.8688,-12.78385,-26.67791,84.83202,-10.23104,-10.54917,81.26018,4.226241,5.792538,85.52586,15.96678,0.1076675,-0.2699008,-0.9568496,-0.400723,-0.9078034,-0.1237503,-0.5567809,-0.8230512,0.1121685,-0.6459697,-0.7537069,0.1210327,-0.7763888,-0.6302533,-0.001058263,47.2674,53.33599,60.77208,58.43398,45.81116,18.36592,17.54312,17.22968,16.39513,14.56344,FALSE,FALSE,FALSE,FALSE,FALSE,
0,11.74563,75.47108,273.7331,240.1187,292.7665,186.2695,-20.85818,100.1797,7.597765,-38.9511,104.3037,-1.219345,-31.24912,91.29164,4.891941,-16.31398,84.34094,15.80149,2.461201,87.80893,19.82905,-20.72883,97.67592,7.698265,-38.23339,102.0983,-11.07198,-27.06642,85.26851,-8.93063,-11.69393,81.69998,6.553374,4.169872,86.20494,17.89344,0.132287,-0.2971843,-0.9456118,-0.3931683,-0.9193517,-0.01453082,-0.5570284,-0.8181949,0.1423954,-0.6482123,-0.739723,0.1806397,-0.7816476,-0.6235378,0.01508745,47.2674,53.33599,60.77208,58.43398,45.81116,18.36592,17.54312,17.22968,16.39513,14.56344,FALSE,FALSE,FALSE,FALSE,FALSE,
0,11.76375,73.30961,243.6398,171.7172,176.1365,170.0808,-19.81296,99.94048,8.554027,-39.5722,104.1678,2.314971,-32.20823,92.15984,6.27443,-17.28817,85.24139,16.30421,0.6048399,88.43052,21.5053,-19.74071,98.03329,8.150207,-38.3426,102.1565,-9.946425,-27.39018,85.61208,-7.944826,-12.59814,82.09438,8.227065,2.609943,86.78702,19.58502,0.1703591,-0.3259426,-0.9299135,-0.386083,-0.9206589,0.05768066,-0.5581517,-0.8137537,0.1620856,-0.6514768,-0.7356309,0.1855404,-0.7916046,-0.6077393,0.06336505,47.2674,53.33599,60.77208,58.43398,45.81116,18.36592,17.54312,17.22968,16.39513,14.56344,FALSE,FALSE,FALSE,FALSE,FALSE,
0,11.78177,62.94268,171.0788,111.5828,112.3971,131.1169,-18.62594,100.9563,8.285075,-39.53572,105.3455,3.869827,-32.4697,93.97137,6.295013,-17.83977,86.81014,16.21825,-0.4757678,89.88556,21.96931,-18.79744,98.61146,8.424632,-38.40314,102.2454,-9.291858,-27.80485,86.1749,-6.767591,-13.59766,82.77763,9.845,1.071397,87.76451,20.99781,0.2130057,-0.3406859,-0.9157301,-0.3791446,-0.9209872,0.0896205,-0.5578504,-0.8134509,0.1646224,-0.6529891,-0.7331981,0.1898043,-0.7973294,-0.59624,0.0936139,47.2674,53.33599,60.77208,58.43398,45.81116,18.36592,17.54312,17.22968,16.39513,14.56344,FALSE,FALSE,FALSE,FALSE,FALSE,
0,11.7998,121.8526,384.4044,95.21185,99.22433,110.76,-15.79913,100.9073,9.49593,-37.45282,106.2504,16.50378,-32.85508,95.27762,6.887906,-18.50456,87.99595,16.83557,-1.495023,91.03316,22.56682,-17.11588,98.86996,9.07848,-38.41913,102.2924,-8.842157,-28.33325,86.9551,-5.255355,-14.7268,83.6713,11.6401,-0.322493,88.77675,22.28932,0.2812766,-0.3755373,-0.8830941,-0.3265978,-0.8938749,0.3071182,-0.5557569,-0.8116661,0.1798122,-0.6528084,-0.7275531,0.2109683,-0.8003813,-0.585574,0.1284242,47.2674,53.33599,60.77208,58.43398,45.81116,18.36592,17.54312,17.22968,16.39513,14.56344,FALSE,FALSE,FALSE,FALSE,FALSE,
0,11.81799,157.4012,373.7053,417.1637,161.5458,157.0665,-14.38656,105.2324,7.742175,-36.51747,110.725,22.00121,-30.91292,101.5675,24.8864,-20.26869,92.37551,16.25422,-3.0629,95.06105,20.24312,-15.20107,100.7723,8.999344,-38.40456,102.3777,-8.407289,-28.71157,87.90462,-3.151443,-16.70974,86.05249,13.89138,-2.206259,91.43967,22.4163,0.3051906,-0.3471293,-0.8867694,-0.2803788,-0.8564331,0.433486,-0.4819717,-0.7457777,0.459912,-0.6620763,-0.7141429,0.2272773,-0.8126271,-0.5676743,0.1318448,47.2674,53.33599,60.77208,58.43398,45.81116,18.36592,17.54312,17.22968,16.39513,14.56344,FALSE,FALSE,FALSE,FALSE,FALSE,
0,11.83599,156.0527,96.44276,254.3215,89.77766,140.5547,-11.78171,105.2865,4.949258,-36.46524,110.5445,17.91702,-29.75688,101.9692,23.85865,-19.90632,92.79773,14.06874,-2.82271,96.2813,16.89229,-12.88636,102.5835,7.776539,-38.36929,102.575,-7.726028,-28.86939,88.89328,-1.235012,-18.54131,89.02639,15.16474,-3.166384,93.97319,20.68576,0.3389373,-0.3366404,-0.8785185,-0.2478974,-0.8805035,0.4040551,-0.4045984,-0.7343617,0.544989,-0.6282277,-0.7354965,0.2537221,-0.7886386,-0.5951945,0.1542488,47.2674,53.33599,60.77208,58.43398,45.81116,18.36592,17.54312,17.22968,16.39513,14.56344,FALSE,FALSE,FALSE,FALSE,FALSE,
0,11.84499,137.3185,89.33963,168.5741,75.65439,118.8178,-12.35257,101.7653,3.540843,-37.28257,106.361,16.87379,-29.75379,98.55239,23.48349,-20.01261,89.3733,13.36105,-3.085311,93.76266,15.52749,-12.33067,102.1894,7.036317,-38.3507,102.6608,-6.912707,-28.90599,89.14338,-0.5437169,-19.02487,88.95388,15.24348,-3.338826,93.81726,19.9122,0.3257299,-0.3555643,-0.876056,-0.1926849,-0.8772612,0.4396423,-0.340154,-0.7224358,0.6019815,-0.5824581,-0.753334,0.3053365,-0.752169,-0.6238323,0.2123088,47.2674,53.33599,60.77208,58.43398,45.81116,18.36592,17.54312,17.22968,16.39513,14.56344,FALSE,FALSE,FALSE,FALSE,FALSE,
0,11.86317,163.9741,110.446,113.5614,107.6282,113.6099,-11.19697,97.95236,4.119626,-37.45242,104.293,16.11315,-29.89919,96.74419,23.56017,-20.69553,86.82991,13.63516,-3.663313,90.78818,15.54471,-11.28075,100.8144,6.250364,-38.29801,102.8688,-3.384927,-28.9633,89.51582,0.5753055,-19.85492,88.29406,15.33174,-3.668221,93.12261,18.99223,0.3257269,-0.403832,-0.8548811,-0.2216384,-0.8600225,0.4596061,-0.3526078,-0.6853595,0.6371422,-0.6040621,-0.723569,0.3340013,-0.7696463,-0.591733,0.2397842,47.2674,53.33599,60.77208,58.43398,45.81116,18.36592,17.54312,17.22968,16.39513,14.56344,FALSE,FALSE,FALSE,FALSE,FALSE,
0,11.8812,546.8663,512.387,435.4519,476.7685,504.7586,-12.54685,83.44436,-6.640331,-36.31015,90.15298,5.813303,-28.30414,83.91263,13.73312,-19.4711,72.97205,5.470263,-2.383189,77.29503,5.216569,-11.73789,93.49493,1.4592,-38.10777,100.23,-0.489318,-29.00678,89.15587,2.373781,-20.34402,81.73433,12.45383,-3.817854,88.08337,15.40947,0.2601574,-0.4888242,-0.8326879,-0.1875913,-0.7968936,0.5742561,-0.3142311,-0.6042186,0.7322422,-0.5766653,-0.6785069,0.4550664,-0.7516397,-0.5680783,0.335149,47.2674,53.33599,60.77208,58.43398,45.81116,18.36592,17.54312,17.22968,16.39513,14.56344,FALSE,FALSE,FALSE,FALSE,FALSE,
0,11.89923,658.9748,676.2325,675.1356,709.3647,635.9623,-5.315224,81.79774,-21.90225,-29.50766,87.66972,-10.87492,-22.71007,81.12384,-3.818898,-12.5383,70.79456,-11.98276,4.205262,75.20538,-9.125624,-11.56626,89.70052,-2.935062,-36.59614,96.83771,-1.709659,-28.46269,88.06781,2.315127,-18.06761,76.74994,4.324368,-2.187747,83.79761,9.135273,0.3588297,-0.4463782,-0.8197486,-0.2344991,-0.8025621,0.5485474,-0.3986125,-0.644612,0.6523677,-0.6239641,-0.7128316,0.3202186,-0.7805542,-0.5890879,0.2090708,47.2674,53.33599,60.77208,58.43398,45.81116,18.36592,17.54312,17.22968,16.39513,14.56344,FALSE,FALSE,FALSE,FALSE,FALSE,
0,11.91739,338.7481,974.9747,1164.791,1103.718,802.3077,-30.09709,82.69854,-8.211012,-15.59755,126.04,-46.90931,5.273292,115.5632,-53.54563,28.02293,96.81347,-47.04362,39.38011,80.80405,-23.38581,-11.50201,86.26241,-9.668354,-34.71978,94.82148,-5.923529,-27.43114,87.04826,0.05550921,-12.75564,74.74196,-5.462017,2.076963,81.1956,2.65365,0.2124748,-0.2845338,-0.9348235,-0.1894882,-0.9571553,-0.2189703,-0.3572875,-0.9283141,-0.1028523,-0.392895,-0.8607376,-0.3236732,-0.5373238,-0.7800463,-0.3206414,47.2674,53.33599,60.77208,58.43398,45.81116,18.36592,17.54312,17.22968,16.39513,14.56344,FALSE,FALSE,FALSE,FALSE,FALSE,
0,11.92634,642.1365,940.8881,1212.681,1182.498,893.0543,-36.26972,77.45492,4.550516,-19.97657,132.4518,-51.24001,6.14994,121.3026,-60.61627,35.63795,105.5174,-50.84178,50.63642,85.07628,-22.60107,-15.30896,83.81609,-6.943369,-34.14492,94.74259,-7.960562,-26.77862,86.89448,-1.417153,-8.079642,75.26211,-10.59504,7.287435,80.24014,-0.712757,0.08275562,-0.311846,-0.9465218,-0.1290997,-0.7903975,-0.5988364,-0.2292912,-0.8413201,-0.4894957,-0.1829841,-0.7862307,-0.5902187,-0.2871259,-0.8001077,-0.5266749,47.2674,53.33599,60.77208,58.43398,45.81116,18.36592,17.54312,17.22968,16.39513,14.56344,FALSE,FALSE,FALSE,FALSE,FALSE,
3,11.9444,704.7162,797.3068,1072.281,1102.313,876.8901,-35.09425,72.85412,15.95653,-26.55699,131.2682,-47.31105,6.086529,122.5025,-57.87009,40.57209,110.6048,-46.54456,58.11307,88.99895,-17.46145,-21.44955,79.71206,0.832884,-33.26531,96.10984,-11.78649,-25.1294,87.61044,-4.665055,-0.5197835,79.06853,-16.70856,23.72851,80.87479,-7.179302,-0.02583041,-0.3669858,-0.9298679,-0.1266942,-0.4282061,-0.8947559,-0.08472544,-0.5413901,-0.8364917,0.05111946,-0.5594981,-0.8272537,0.03156826,-0.7097805,-0.7037153,47.2674,53.33599,60.77208,58.43398,45.81116,18.36592,17.54312,17.22968,16.39513,14.56344,FALSE,TRUE,TRUE,TRUE,FALSE,
4,11.9625,445.8215,655.8971,885.9294,892.0394,709.24,-34.91706,72.47224,17.77471,-29.69066,131.0756,-46.19847,7.175582,125.0339,-57.34713,43.68805,113.4722,-44.99353,61.59019,91.55018,-16.09893,-25.01245,77.35594,5.973309,-32.52191,100.0918,-17.19596,-22.31411,90.13296,-9.655066,15.82566,89.86134,-28.27889,42.07244,84.79347,-12.18405,-0.04298088,-0.3811195,-0.9235262,-0.1683814,-0.2236064,-0.960025,-0.01691737,-0.3258876,-0.9452571,0.1682214,-0.3969181,-0.9023068,0.1979937,-0.6105167,-0.7668558,47.2674,53.33599,60.77208,58.43398,45.81116,18.36592,17.54312,17.22968,16.39513,14.56344,FALSE,TRUE,TRUE,TRUE,TRUE,
4,11.9807,262.4328,515.9024,689.1706,666.175,528.0861,-35.03396,73.2101,18.82351,-32.23898,133.0835,-45.12546,7.655701,129.2695,-57.31208,45.44556,116.295,-44.90759,63.72835,93.50609,-16.08843,-27.024,76.24332,9.003615,-32.34243,107.8468,-24.82105,-17.38925,95.95314,-17.87322,30.48106,101.9508,-37.19604,55.72042,89.85726,-15.0418,-0.05949057,-0.387025,-0.9201481,-0.2222521,-0.1044284,-0.9693806,0.01034472,-0.1806865,-0.9834864,0.2267808,-0.2913642,-0.9293424,0.283231,-0.5444553,-0.7895243,47.2674,53.33599,60.77208,58.43398,45.81116,18.36592,17.54312,17.22968,16.39513,14.56344,FALSE,TRUE,TRUE,TRUE,TRUE,
4,11.99869,167.8768,412.6389,495.0606,490.4604,425.978,-36.12129,74.0368,19.14562,-34.05492,136.0147,-44.4418,7.860992,131.796,-57.09217,46.7103,119.0724,-44.60702,66.3893,96.79379,-15.87656,-28.48317,75.71549,10.95895,-33.15562,118.8736,-33.03341,-10.40655,105.5558,-28.99797,40.5243,112.2196,-42.15826,63.99768,94.96809,-15.93655,-0.07064103,-0.3889951,-0.9185274,-0.2528696,-0.01544395,-0.9673771,0.02854923,-0.0972251,-0.9948528,0.268929,-0.210245,-0.9399331,0.3672178,-0.4662743,-0.8048226,47.2674,53.33599,60.77208,58.43398,45.81116,18.36592,17.54312,17.22968,16.39513,14.56344,FALSE,TRUE,TRUE,TRUE,TRUE,
4,12.01675,100.2405,285.0772,397.1411,361.2365,324.1574,-36.39067,74.61794,19.22361,-35.12278,137.7789,-44.00944,8.388048,135.5059,-56.99818,47.89449,121.499,-44.54896,68.14275,99.29689,-16.03436,-29.79119,75.41322,12.50707,-34.56561,129.377,-39.29103,-2.493919,118.1096,-40.84967,46.21893,119.441,-44.07085,68.32472,99.21515,-16.12696,-0.07403846,-0.3957983,-0.9153481,-0.2706827,0.02240821,-0.9624078,0.0439936,-0.01397879,-0.998934,0.2972676,-0.1509901,-0.9427799,0.4149812,-0.4054787,-0.8144799,47.2674,53.33599,60.77208,58.43398,45.81116,18.36592,17.54312,17.22968,16.39513,14.56344,FALSE,TRUE,TRUE,TRUE,TRUE,
4,12.02576,118.882,249.9833,302.5166,292.3962,243.2056,-37.21349,76.0761,20.10186,-35.71843,138.785,-43.91805,8.174633,135.6505,-57.49258,48.24036,121.6988,-45.13336,68.29284,99.04514,-16.58346,-30.55397,75.44612,13.31577,-35.34221,133.4804,-41.24442,0.8684106,123.7983,-45.98798,47.80907,121.4582,-44.74929,69.18362,99.96477,-16.56685,-0.08752894,-0.4161993,-0.9050508,-0.287414,0.02820667,-0.957391,0.03654538,-0.01288026,-0.999249,0.3008213,-0.139852,-0.9433705,0.4161833,-0.4031286,-0.815033,47.2674,53.33599,60.77208,58.43398,45.81116,18.36592,17.54312,17.22968,16.39513,14.56344,FALSE,TRUE,TRUE,TRUE,TRUE,
4,12.04381,114.8185,192.4303,176.5953,189.1464,158.0443,-38.23674,77.83755,21.10538,-36.77693,140.4569,-44.03718,7.903556,135.7577,-58.42239,48.80668,122.1384,-46.20303,68.94114,99.244,-17.51792,-32.392,75.88007,15.10554,-36.8031,139.1764,-43.34713,5.329094,131.6276,-53.34254,49.58355,123.3941,-45.95128,70.21342,100.6884,-17.59318,-0.1029103,-0.4498939,-0.887133,-0.3108954,0.04696027,-0.9492833,0.02812511,-0.01193724,-0.9995331,0.3087646,-0.1250569,-0.9428813,0.4290001,-0.3885981,-0.8154449,47.2674,53.33599,60.77208,58.43398,45.81116,18.36592,17.54312,17.22968,16.39513,14.56344,FALSE,TRUE,TRUE,TRUE,TRUE,
4,12.06197,71.0554,129.24,134.6509,129.1,121.3867,-38.57415,78.13821,21.07174,-37.3513,141.2874,-44.27954,8.121055,136.8608,-58.91893,49.38472,122.9858,-46.67582,69.81895,100.2308,-17.98516,-34.28182,76.36125,16.7397,-37.71438,141.7834,-44.13889,7.511328,135.991,-57.0957,50.42483,124.5653,-46.59442,71.12804,101.7644,-18.17793,-0.09976225,-0.4700164,-0.8770017,-0.3193733,0.05923727,-0.9457757,0.03162545,0.009824897,-0.9994515,0.3171281,-0.1071698,-0.942308,0.4486336,-0.3625592,-0.8168713,47.2674,53.33599,60.77208,58.43398,45.81116,18.36592,17.54312,17.22968,16.39513,14.56344,FALSE,TRUE,TRUE,TRUE,TRUE,
4,12.08005,47.45415,84.6388,122.3909,83.0937,97.93047,-38.92139,78.13455,20.85537,-37.64235,141.849,-44.45306,8.517209,138.6496,-59.10793,49.73671,123.5454,-46.86613,70.58578,101.3333,-18.24435,-36.10044,76.69037,17.9479,-38.1058,142.847,-44.45007,8.635893,139.1588,-58.65678,50.767,125.246,-46.85082,71.86858,102.9546,-18.47459,-0.09585839,-0.4816971,-0.8710793,-0.3220266,0.06820001,-0.944271,0.0383773,0.0407199,-0.9984333,0.3214377,-0.09733508,-0.9419149,0.4654522,-0.3366774,-0.8185369,47.2674,53.33599,60.77208,58.43398,45.81116,18.36592,17.54312,17.22968,16.39513,14.56344,FALSE,TRUE,TRUE,TRUE,TRUE,
4,12.09815,39.08549,67.91805,85.31815,60.80221,70.62151,-39.30898,78.26261,20.70279,-37.84783,142.6142,-44.63396,8.658013,139.5,-59.32318,50.05338,124.1568,-47.04613,71.01938,101.9908,-18.47596,-37.48737,76.89305,18.59387,-38.27285,143.696,-44.65741,9.074281,140.8878,-59.23915,51.00872,125.869,-47.028,72.26423,103.6775,-18.69128,-0.09467007,-0.490791,-0.8661188,-0.3230906,0.08069388,-0.9429215,0.04015581,0.05232364,-0.9978225,0.3257889,-0.08647217,-0.9414797,0.4752237,-0.3209109,-0.8192549,47.2674,53.33599,60.77208,58.43398,45.81116,18.36592,17.54312,17.22968,16.39513,14.56344,FALSE,TRUE,TRUE,TRUE,TRUE,
4,12.11615,34.79418,67.68935,52.05569,46.0621,56.78165,-39.71788,78.40687,20.57234,-37.96028,143.7826,-44.75777,8.706385,139.8275,-59.52612,50.31581,124.6911,-47.15897,71.38751,102.7136,-18.68176,-38.47813,77.06696,18.82908,-38.28966,145.0088,-44.78425,9.183152,141.4902,-59.51594,51.20332,126.3985,-47.13036,72.54972,104.3993,-18.88667,-0.09458455,-0.4974555,-0.8623177,-0.3219302,0.1008638,-0.9413753,0.04090485,0.05564148,-0.9976125,0.3295434,-0.07824975,-0.9408922,0.4837689,-0.3044747,-0.8205259,47.2674,53.33599,60.77208,58.43398,45.81116,18.36592,17.54312,17.22968,16.39513,14.56344,FALSE,TRUE,TRUE,TRUE,TRUE,
4,12.13428,35.27897,58.25288,49.37543,32.28912,47.69311,-40.20892,78.65878,20.44341,-38.01195,144.6419,-44.94781,8.889544,140.6803,-59.69149,50.47295,125.0598,-47.28228,71.64783,103.3807,-18.86156,-39.24083,77.26287,18.86951,-38.26108,145.941,-44.95885,9.33963,142.2871,-59.68097,51.31131,126.766,-47.23154,72.73412,105.0619,-19.05264,-0.09574725,-0.5031181,-0.8588973,-0.3203714,0.1117753,-0.9406745,0.04444746,0.06727538,-0.9967439,0.3322541,-0.07337934,-0.9403312,0.4911979,-0.2899444,-0.821375,47.2674,53.33599,60.77208,58.43398,45.81116,18.36592,17.54312,17.22968,16.39513,14.56344,FALSE,TRUE,TRUE,TRUE,TRUE,
4,12.14333,36.74488,55.82904,51.70962,32.41004,42.8171,-40.47519,78.85302,20.3932,-37.98422,145.0844,-45.05373,9.019668,141.1837,-59.76174,50.60879,125.3401,-47.31932,71.73548,103.6645,-18.94118,-39.59209,77.41325,18.8648,-38.19754,146.3879,-45.06151,9.451176,142.7716,-59.74697,51.41027,127.0089,-47.26534,72.78155,105.3455,-19.129,-0.09698194,-0.5056785,-0.8572536,-0.3191144,0.1164695,-0.9405322,0.04654237,0.07384495,-0.9961831,0.3344873,-0.06954581,-0.9398307,0.4937329,-0.2843302,-0.8218176,47.2674,53.33599,60.77208,58.43398,45.81116,18.36592,17.54312,17.22968,16.39513,14.56344,FALSE,TRUE,TRUE,TRUE,TRUE,
4,12.16139,36.61283,57.98615,31.49216,40.30581,40.81588,-40.93322,79.22266,20.30197,-37.86409,146.1394,-45.26638,9.110858,141.4115,-59.97372,51.00117,126.1677,-47.35466,71.93398,104.363,-19.07891,-40.19897,77.73619,18.84579,-37.97861,147.4792,-45.26234,9.548208,143.078,-59.93094,51.76827,127.8309,-47.28302,72.89278,106.0306,-19.26077,-0.0986864,-0.5109642,-0.8539184,-0.3152233,0.1293494,-0.9401612,0.0476431,0.07286213,-0.9962034,0.3411738,-0.05784104,-0.938219,0.4992782,-0.2718632,-0.8226857,47.2674,53.33599,60.77208,58.43398,45.81116,18.36592,17.54312,17.22968,16.39513,14.56344,FALSE,TRUE,TRUE,TRUE,TRUE,
4,12.17948,35.58376,51.88901,47.65305,30.10529,38.01958,-41.35388,79.61416,20.17904,-37.78036,146.952,-45.47525,9.381646,142.547,-60.0489,51.19088,126.571,-47.42305,72.09145,105.0264,-19.2153,-40.71751,78.10891,18.79946,-37.83195,148.2817,-45.46532,9.785116,144.1052,-59.99653,51.94344,128.2189,-47.33039,72.982,106.6817,-19.38656,-0.09994504,-0.5149409,-0.8513794,-0.3126851,0.1365298,-0.9399934,0.0518318,0.08624808,-0.9949245,0.3442805,-0.05482869,-0.9372645,0.5043482,-0.2605433,-0.8232558,47.2674,53.33599,60.77208,58.43398,45.81116,18.36592,17.54312,17.22968,16.39513,14.56344,FALSE,TRUE,TRUE,TRUE,TRUE,
4,12.19763,32.39004,47.80812,40.33214,23.82046,32.0414,-41.69786,79.96047,20.06471,-37.70862,147.7403,-45.64027,9.510713,143.2127,-60.17022,51.31136,126.9433,-47.49969,72.14335,105.5347,-19.35971,-41.14735,78.46429,18.73838,-37.71857,149.0142,-45.61113,9.914966,144.8154,-60.08965,52.01949,128.5351,-47.3924,72.96062,107.157,-19.52038,-0.1006829,-0.5185235,-0.849115,-0.3106267,0.1433818,-0.9396556,0.05365259,0.09166404,-0.9943436,0.3462033,-0.05246141,-0.9366916,0.5066798,-0.2533295,-0.8240751,47.2674,53.33599,60.77208,58.43398,45.81116,18.36592,17.54312,17.22968,16.39513,14.56344,FALSE,TRUE,TRUE,TRUE,TRUE,
4,12.21666,32.95934,39.68302,30.44177,16.3522,25.46309,-42.11526,80.40456,19.96971,-37.67682,148.3759,-45.8194,9.570884,143.6637,-60.31373,51.35921,127.1889,-47.58956,72.07792,105.905,-19.52011,-41.58649,78.88041,18.68372,-37.66292,149.6023,-45.77039,9.952153,145.2237,-60.22332,52.02534,128.7227,-47.47227,72.81733,107.482,-19.67866,-0.1032416,-0.5210937,-0.8472323,-0.309439,0.1466344,-0.9395456,0.05455535,0.09332798,-0.9941396,0.3472854,-0.05237955,-0.9362954,0.5070515,-0.2488997,-0.8251956,47.2674,53.33599,60.77208,58.43398,45.81116,18.36592,17.54312,17.22968,16.39513,14.56344,FALSE,TRUE,TRUE,TRUE,TRUE,
4,12.22766,28.76444,33.87957,25.14736,13.01069,22.7446,-42.26802,80.53092,19.90466,-37.67529,148.6319,-45.88776,9.57027,143.8555,-60.36554,51.35583,127.29,-47.63249,72.03934,106.0955,-19.60121,-41.79573,79.06731,18.64788,-37.64943,149.8443,-45.83658,9.935073,145.3899,-60.27196,51.9973,128.7882,-47.5134,72.73151,107.6472,-19.76229,-0.1039281,-0.5220884,-0.8465357,-0.3089468,0.1481601,-0.9394681,0.05454599,0.09392496,-0.9940839,0.3474286,-0.05240392,-0.936241,0.5068345,-0.2467232,-0.8259821,47.2674,53.33599,60.77208,58.43398,45.81116,18.36592,17.54312,17.22968,16.39513,14.56344,FALSE,TRUE,TRUE,TRUE,TRUE,
4,12.2395,24.00799,29.20353,20.80889,9.3239,19.95742,-42.39795,80.6183,19.83038,-37.68316,148.8894,-45.941,9.549775,144.0374,-60.41162,51.32259,127.3375,-47.68419,71.98789,106.2608,-19.68482,-41.97792,79.21625,18.60533,-37.6454,150.0779,-45.88685,9.893665,145.5422,-60.31342,51.94459,128.8046,-47.56319,72.63681,107.7848,-19.84713,-0.1043513,-0.5229518,-0.8459505,-0.3085228,0.1500311,-0.9393106,0.05433872,0.09461672,-0.9940296,0.3472461,-0.05298433,-0.9362761,0.5063995,-0.2449375,-0.82678,47.2674,53.33599,60.77208,58.43398,45.81116,18.36592,17.54312,17.22968,16.39513,14.56344,FALSE,TRUE,TRUE,TRUE,TRUE,
4,12.26672,19.90214,20.75756,13.00475,10.28561,20.14234,-42.7523,80.84673,19.66573,-37.82754,149.3465,-46.08084,9.352243,144.2305,-60.58509,51.14253,127.553,-47.84795,71.7215,106.6234,-19.95981,-42.34866,79.48536,18.49814,-37.73853,150.4896,-46.00727,9.681774,145.6887,-60.47757,51.73275,128.9482,-47.71332,72.30695,108.0652,-20.10672,-0.1059127,-0.5243141,-0.8449126,-0.3083321,0.1519759,-0.9390605,0.05342462,0.093693,-0.9941667,0.3464786,-0.0531718,-0.9365497,0.5037648,-0.2417189,-0.8293329,47.2674,53.33599,60.77208,58.43398,45.81116,18.36592,17.54312,17.22968,16.39513,14.56344,FALSE,TRUE,TRUE,TRUE,TRUE,
4,12.28255,13.82563,15.60219,19.56329,18.19395,26.03123,-42.88264,80.7996,19.62728,-38.1736,149.1242,-46.33738,8.972843,143.9501,-60.89445,50.80168,127.4361,-48.17801,71.42292,106.8186,-20.31405,-42.51111,79.54925,18.4615,-37.95301,150.4018,-46.17324,9.324487,145.3291,-60.75481,51.42871,128.8433,-47.98727,72.00962,108.2046,-20.39623,-0.10582,-0.5282969,-0.8424396,-0.3101298,0.1476232,-0.9391629,0.05049995,0.08604428,-0.9950106,0.3442766,-0.05677209,-0.9371502,0.500548,-0.2419409,-0.8312138,47.2674,53.33599,60.77208,58.43398,45.81116,18.36592,17.54312,17.22968,16.39513,14.56344,FALSE,TRUE,TRUE,TRUE,TRUE,
4,12.29908,10.20086,40.90399,69.00372,50.31162,43.46815,-42.9254,80.44527,19.91903,-38.83774,148.0428,-46.74715,8.214844,142.4053,-61.43417,49.97076,126.5696,-48.73335,70.71854,106.7673,-20.87975,-42.57079,79.48379,18.54605,-38.37541,149.758,-46.46829,8.601104,143.6174,-61.28434,50.63543,128.0661,-48.49147,71.40389,108.1968,-20.86483,-0.1045636,-0.5391411,-0.8356993,-0.3139779,0.1332685,-0.9400305,0.0437752,0.05897736,-0.9972991,0.3350612,-0.07191335,-0.9394479,0.4899814,-0.2461476,-0.8362593,47.2674,53.33599,60.77208,58.43398,45.81116,18.36592,17.54312,17.22968,16.39513,14.56344,FALSE,TRUE,TRUE,TRUE,TRUE,
4,12.29908,10.20086,40.90399,69.00372,50.31162,43.46815,-42.9254,80.44527,19.91903,-38.83774,148.0428,-46.74715,8.214844,142.4053,-61.43417,49.97076,126.5696,-48.73335,70.71854,106.7673,-20.87975,-42.57079,79.48379,18.54605,-38.37541,149.758,-46.46829,8.601104,143.6174,-61.28434,50.63543,128.0661,-48.49147,71.40389,108.1968,-20.86483,-0.1045636,-0.5391411,-0.8356993,-0.3139779,0.1332685,-0.9400305,0.0437752,0.05897736,-0.9972991,0.3350612,-0.07191335,-0.9394479,0.4899814,-0.2461476,-0.8362593,47.2674,53.33599,60.77208,58.43398,45.81116,18.36592,17.54312,17.22968,16.39513,14.56344,FALSE,TRUE,TRUE,TRUE,TRUE,
4,12.31708,54.15449,154.6465,234.8028,219.5748,143.7597,-42.87,79.35635,21.4203,-40.4432,143.6317,-48.46048,6.185055,136.2038,-63.55892,47.18653,121.1961,-50.89267,68.28997,104.2311,-22.98637,-42.52826,79.22212,18.9214,-39.40134,146.9959,-47.58802,6.674482,137.3823,-63.26593,47.82288,123.0938,-50.45504,69.5221,106.7069,-22.39983,-0.1079134,-0.5836872,-0.8047757,-0.3268391,0.08124031,-0.9415818,0.02392936,-0.02008618,-0.9995118,0.2955933,-0.1501976,-0.9434327,0.4457183,-0.2875747,-0.847724,47.2674,53.33599,60.77208,58.43398,45.81116,18.36592,17.54312,17.22968,16.39513,14.56344,FALSE,TRUE,TRUE,TRUE,TRUE,
1,12.35148,64.14258,1285.154,1495.047,1484.575,1271.883,-43.36994,80.01098,20.17056,-39.74856,79.6651,-0.8356995,-26.78278,69.11958,-4.955987,-4.368454,65.66788,0.5234814,26.82697,73.03191,2.657868,-42.86969,78.87873,19.41611,-43.45702,82.5004,-15.76194,-25.43066,71.28577,-22.67156,1.238034,67.02101,-17.17255,38.98112,73.5758,-14.62182,-0.1074951,-0.6577391,-0.7455361,-0.3862919,-0.9179697,-0.09005634,-0.4697351,-0.8762068,-0.1077522,-0.4699953,-0.8712078,-0.1417795,-0.2917911,-0.8260745,-0.4821398,47.2674,53.33599,60.77208,58.43398,45.81116,18.36592,17.54312,17.22968,16.39513,14.56344,FALSE,FALSE,FALSE,FALSE,TRUE,
0,12.36056,259.3676,913.265,1032.874,1048.913,1134.563,-39.78754,83.65746,15.9137,-35.82977,83.5441,-1.583847,-23.49065,73.59883,-5.463056,-2.158194,69.87531,0.6136481,20.15571,74.80305,11.59859,-42.42841,79.23418,19.00636,-39.79728,83.49077,-12.34355,-23.75777,72.85666,-18.40854,0.833656,68.4784,-12.23466,31.94884,72.62645,-6.834056,-0.01559123,-0.5947159,-0.8037847,-0.3647268,-0.9286091,-0.06825966,-0.4787733,-0.8722302,-0.09995263,-0.4972596,-0.8543714,-0.1509382,-0.4514005,-0.8049864,-0.3850122,47.2674,53.33599,60.77208,58.43398,45.81116,18.36592,17.54312,17.22968,16.39513,14.56344,FALSE,FALSE,FALSE,FALSE,FALSE,
0,12.37867,481.0364,425.3446,509.3744,606.7272,803.7865,-31.30378,91.92532,10.15357,-32.20174,94.69666,-4.660954,-20.43373,85.23682,-7.202877,-1.300123,80.18349,1.323424,17.04296,83.45331,13.29143,-39.01007,82.24139,16.45427,-35.02129,89.6879,-9.408324,-21.37749,78.83475,-14.46815,0.546949,74.47825,-6.540408,23.82611,78.71233,3.017852,0.1307163,-0.4596365,-0.8784347,-0.3363059,-0.933892,-0.1214253,-0.4812917,-0.8673281,-0.1268869,-0.5316447,-0.8323271,-0.1567975,-0.5932806,-0.7397943,-0.317368,47.2674,53.33599,60.77208,58.43398,45.81116,18.36592,17.54312,17.22968,16.39513,14.56344,FALSE,FALSE,FALSE,FALSE,FALSE,
0,12.39672,413.9677,256.4479,397.4319,482.2513,619.9235,-26.63695,95.76487,8.210865,-31.49929,99.98483,-5.868832,-20.72209,89.55917,-5.361179,-3.038951,83.72617,4.056795,14.20901,87.02023,14.86863,-32.34481,88.07576,12.42993,-33.35908,94.53591,-8.435113,-21.08722,82.25898,-12.00214,-0.7529923,78.38958,-2.805,18.2806,83.73075,8.728018,0.1861738,-0.4082243,-0.8936958,-0.334348,-0.9303883,-0.1502966,-0.4932714,-0.8672166,-0.06796169,-0.5644082,-0.8214613,-0.08151539,-0.6692624,-0.7136705,-0.2067904,47.2674,53.33599,60.77208,58.43398,45.81116,18.36592,17.54312,17.22968,16.39513,14.56344,FALSE,FALSE,FALSE,FALSE,FALSE,
0,12.41482,383.1721,262.9084,286.8162,404.0964,469.7964,-22.568,100.784,6.496913,-30.1083,106.8293,-7.34992,-19.9972,95.76545,-5.987862,-4.814118,87.72184,7.070561,12.34515,91.06519,16.34401,-25.03445,95.17536,8.634315,-31.73121,100.5826,-8.380264,-20.88255,85.20393,-10.46306,-2.095917,81.13239,0.2835714,14.58438,87.64893,12.75399,0.234149,-0.3575534,-0.9040629,-0.3493658,-0.9143133,-0.2048775,-0.5142928,-0.8522796,-0.09551161,-0.6023824,-0.7974891,-0.03386043,-0.7160081,-0.6820679,-0.1487138,47.2674,53.33599,60.77208,58.43398,45.81116,18.36592,17.54312,17.22968,16.39513,14.56344,FALSE,FALSE,FALSE,FALSE,FALSE,
0,12.43289,236.8322,213.5688,320.5273,348.1472,379.8217,-21.00062,102.0427,7.762073,-32.77332,110.0024,-5.845863,-24.19637,96.96536,-0.9978893,-8.796,89.38187,9.461213,8.243067,92.3718,18.01433,-20.38318,99.63594,7.757927,-32.11844,106.1235,-7.278054,-21.50879,87.67658,-8.460045,-4.058574,83.34718,3.091745,10.74605,90.11954,15.89379,0.2482443,-0.3558202,-0.900981,-0.3735313,-0.9073154,-0.1930106,-0.5381865,-0.8428248,-0.001291674,-0.6276128,-0.7781114,0.02539394,-0.7497213,-0.6585546,-0.06499113,47.2674,53.33599,60.77208,58.43398,45.81116,18.36592,17.54312,17.22968,16.39513,14.56344,FALSE,FALSE,FALSE,FALSE,FALSE,
0,12.4509,150.1453,197.6456,283.4587,288.166,286.307,-19.57861,101.6462,9.041097,-34.93816,109.8667,-2.561658,-26.90976,96.937,2.509716,-11.51105,89.80687,11.97881,5.579719,93.06795,19.43487,-17.99409,100.354,8.796493,-33.4566,107.7614,-4.908019,-22.43432,89.05856,-6.434719,-6.142094,84.87023,5.739837,7.520208,91.43711,18.32206,0.2769076,-0.3688355,-0.8872894,-0.3653865,-0.923908,-0.1135197,-0.5303645,-0.8452359,0.06549521,-0.6243938,-0.7761351,0.08801491,-0.7551284,-0.6555566,0.005157573,47.2674,53.33599,60.77208,58.43398,45.81116,18.36592,17.54312,17.22968,16.39513,14.56344,FALSE,FALSE,FALSE,FALSE,FALSE,
0,12.46,123.6324,201.6709,238.9953,254.9902,247.0929,-18.99942,101.5661,9.434353,-35.43481,109.4294,-0.8084381,-27.55584,97.00704,3.413515,-12.34541,89.84345,13.16858,4.693422,93.21407,20.28627,-17.2661,100.4081,9.322131,-33.8988,107.8994,-3.767253,-22.85288,89.57607,-5.575139,-7.0812,85.43829,6.970789,6.264778,91.84766,19.4055,0.2887293,-0.3735847,-0.8815157,-0.3594446,-0.9304284,-0.07143188,-0.5276868,-0.8455995,0.08067244,-0.6228166,-0.7741066,0.1133953,-0.7573217,-0.6520653,0.03570235,47.2674,53.33599,60.77208,58.43398,45.81116,18.36592,17.54312,17.22968,16.39513,14.56344,FALSE,FALSE,FALSE,FALSE,FALSE,
0,12.47807,112.1513,207.3339,159.7533,196.4162,193.2172,-17.9295,103.2298,9.260941,-36.03816,110.1727,2.513978,-28.36809,99.24928,3.50755,-13.65801,91.4703,14.51118,3.171549,94.8452,21.23408,-16.21594,101.3363,9.700476,-34.40994,107.9511,-1.903712,-23.63868,90.63107,-4.065284,-8.671581,86.45687,9.107765,4.330411,92.76668,21.15835,0.3102032,-0.3566007,-0.8812547,-0.3422832,-0.9395608,-0.008229773,-0.5235666,-0.8488951,0.07249182,-0.6181853,-0.7731071,0.1419592,-0.7596892,-0.6453283,0.08014838,47.2674,53.33599,60.77208,58.43398,45.81116,18.36592,17.54312,17.22968,16.39513,14.56344,FALSE,FALSE,FALSE,FALSE,FALSE,
0,12.49615,95.86755,175.1411,129.8073,163.2549,151.0577,-16.79675,104.2321,9.665375,-36.6914,111.1438,4.828792,-29.12155,101.3677,3.361998,-14.84249,92.60045,16.20874,1.958971,96.17428,22.1215,-15.20412,102.5229,10.0598,-34.74453,108.1825,-0.6522117,-24.87932,92.65565,-2.108,-10.15212,87.57191,11.08739,2.69671,94.06181,22.52595,0.3287724,-0.3464858,-0.8785535,-0.3265666,-0.9450346,0.01624743,-0.5170863,-0.8540049,0.05742262,-0.6075329,-0.7751327,0.173416,-0.7543609,-0.6450449,0.1218883,47.2674,53.33599,60.77208,58.43398,45.81116,18.36592,17.54312,17.22968,16.39513,14.56344,FALSE,FALSE,FALSE,FALSE,FALSE,
0,12.51424,99.85133,135.1588,148.3436,122.1162,117.2182,-15.68959,106.1438,9.044273,-36.89746,113.9758,5.078962,-29.5045,104.75,2.314693,-15.61087,94.80273,15.91252,1.2788,98.3314,21.29772,-14.29369,104.0606,9.85478,-35.04541,108.7393,0.4050201,-26.67558,96.52116,0.1367098,-11.80441,89.20186,12.99682,1.368767,95.99957,22.96467,0.3441308,-0.3317806,-0.8783483,-0.3272949,-0.944922,0.000637362,-0.5216137,-0.8526601,0.02983281,-0.6080126,-0.7760707,0.1674368,-0.7567271,-0.6423121,0.1216521,47.2674,53.33599,60.77208,58.43398,45.81116,18.36592,17.54312,17.22968,16.39513,14.56344,FALSE,FALSE,FALSE,FALSE,FALSE,
0,12.53234,105.7985,112.6219,152.6125,104.7026,108.782,-13.80804,106.8915,7.703218,-36.84334,116.2379,4.096396,-29.68704,107.3731,0.5461845,-16.32051,96.51973,14.58439,0.6392132,99.90192,19.52368,-12.95126,105.1382,8.796026,-35.49405,110.2321,1.763213,-28.31789,101.3227,1.176625,-13.94171,91.8206,14.52461,0.3318883,98.10532,21.83755,0.371823,-0.3370864,-0.8649395,-0.3367014,-0.9416059,-0.003254795,-0.5336535,-0.8455864,0.01405689,-0.6182533,-0.769591,0.159664,-0.7671368,-0.632167,0.1089319,47.2674,53.33599,60.77208,58.43398,45.81116,18.36592,17.54312,17.22968,16.39513,14.56344,FALSE,FALSE,FALSE,FALSE,FALSE,
0,12.55034,59.75682,128.3746,159.7804,133.8315,132.8395,-14.01345,106.661,6.783338,-38.74335,118.2499,4.256066,-32.11123,109.4967,-0.01877084,-18.96471,97.82634,13.64252,-1.780143,100.6639,17.87217,-12.26427,105.2271,8.02527,-36.5458,112.8495,3.402003,-30.33454,105.5542,1.342567,-16.66718,94.58762,15.11681,-1.325948,99.45274,20.36286,0.3587379,-0.3553031,-0.8631725,-0.3650883,-0.9309088,0.01092673,-0.5614341,-0.827131,0.02541944,-0.6396486,-0.7490838,0.1724041,-0.7865387,-0.6049159,0.1242322,47.2674,53.33599,60.77208,58.43398,45.81116,18.36592,17.54312,17.22968,16.39513,14.56344,FALSE,FALSE,FALSE,FALSE,FALSE,
0,12.56841,350.3119,274.7292,293.2468,271.8539,294.9318,-15.27345,93.67304,4.447495,-39.81223,106.568,0.7830442,-33.90335,96.93295,-2.232534,-21.24414,86.89049,12.85278,-3.806152,89.30294,16.19118,-13.07321,98.98796,6.575842,-38.27512,110.5394,3.449515,-32.86089,101.1585,0.3245526,-20.04696,90.56389,15.01487,-3.718068,93.14023,18.71969,0.3128172,-0.5167031,-0.7969713,-0.4190708,-0.889133,0.1839081,-0.6098651,-0.7719274,0.1794228,-0.6805072,-0.66554,0.3065396,-0.8199719,-0.5217767,0.2353617,47.2674,53.33599,60.77208,58.43398,45.81116,18.36592,17.54312,17.22968,16.39513,14.56344,FALSE,FALSE,FALSE,FALSE,FALSE,
0,12.57748,615.4485,641.59,588.9231,529.6008,521.5325,-13.93891,82.59428,-1.228476,-38.71421,92.78547,-4.857443,-29.63719,85.74596,5.842021,-18.69464,75.95528,8.769847,-1.427167,80.00106,11.06623,-13.08319,89.48657,2.370908,-38.38865,103.7565,1.024738,-32.02248,92.53561,2.488682,-19.63379,83.34087,12.86813,-2.894409,86.11595,15.44789,0.3209488,-0.5605049,-0.7634305,-0.34479,-0.8926331,0.2903894,-0.4898263,-0.7349344,0.4689793,-0.6224772,-0.6775683,0.3916929,-0.7759446,-0.5554689,0.2989386,47.2674,53.33599,60.77208,58.43398,45.81116,18.36592,17.54312,17.22968,16.39513,14.56344,FALSE,FALSE,FALSE,FALSE,FALSE,
0,12.59554,740.9493,852.5104,754.4501,762.051,668.7503,-5.653735,73.15089,-14.87454,-27.98775,77.38996,-16.42643,-19.30595,71.54562,-4.875093,-6.505293,64.88088,-3.715235,9.353628,72.23215,-0.07625986,-8.221374,76.3149,-10.25647,-32.97201,87.88191,-7.405628,-23.65105,75.70142,-2.294312,-11.78796,70.37237,3.684928,4.400856,76.04893,6.464214,0.4196772,-0.4784581,-0.7713293,-0.1737926,-0.9201841,0.3507954,-0.3617496,-0.7905439,0.4941434,-0.5073308,-0.7853662,0.3547047,-0.6747914,-0.6928473,0.2542031,47.2674,53.33599,60.77208,58.43398,45.81116,18.36592,17.54312,17.22968,16.39513,14.56344,FALSE,FALSE,FALSE,FALSE,FALSE,
0,12.61369,638.957,591.8956,618.586,741.9408,625.4306,-4.943997,77.60349,-28.24175,-24.87796,79.965,-25.28732,-16.21396,73.131,-18.50262,-2.746491,67.40079,-18.9481,12.38402,74.62402,-13.02389,-7.555593,76.79953,-16.22649,-28.51255,83.03355,-15.34387,-19.11129,73.22282,-13.16,-7.134737,68.33485,-7.579453,8.238732,74.81427,-2.789653,0.404925,-0.3167101,-0.8577473,-0.1024003,-0.9559193,0.2751954,-0.3104465,-0.8808386,0.3574162,-0.4570469,-0.8678709,0.1947003,-0.6313065,-0.7620471,0.1440015,47.2674,53.33599,60.77208,58.43398,45.81116,18.36592,17.54312,17.22968,16.39513,14.56344,FALSE,FALSE,FALSE,FALSE,FALSE,
0,12.63174,808.3981,737.2338,1063.745,1196.096,880.6869,-51.60727,85.2252,-0.3069215,-26.55477,115.7128,-54.58318,2.3199,114.4043,-65.42391,33.16831,107.7031,-56.69353,53.57766,88.60116,-22.37714,-24.98446,78.44216,-12.4856,-29.10094,83.18162,-23.96996,-17.43567,75.26073,-28.08049,-1.464863,70.78309,-20.63348,17.88816,76.28197,-11.26215,-0.06478849,-0.2562658,-0.9644327,-0.190555,-0.7736444,-0.6042873,-0.2688636,-0.772875,-0.574784,-0.2344581,-0.722469,-0.6504368,-0.3214306,-0.7711256,-0.5495887,47.2674,53.33599,60.77208,58.43398,45.81116,18.36592,17.54312,17.22968,16.39513,14.56344,FALSE,FALSE,FALSE,FALSE,FALSE,
2,12.64085,852.9332,655.9691,1014.969,1167.853,859.8146,-51.61929,82.26716,8.362136,-29.6543,119.1517,-49.28167,2.379106,118.0963,-62.28763,36.38457,111.0616,-53.83858,56.3628,89.15559,-20.2223,-32.4,78.57633,-6.112411,-29.48564,85.39173,-26.88578,-15.79502,78.92417,-33.26288,2.697954,74.5134,-26.07311,25.44618,78.15028,-14.00076,-0.1812403,-0.225116,-0.9573269,-0.2226912,-0.5698889,-0.7909711,-0.2201849,-0.5727221,-0.7896252,-0.1297785,-0.5446922,-0.8285336,-0.1848255,-0.7127475,-0.6766318,47.2674,53.33599,60.77208,58.43398,45.81116,18.36592,17.54312,17.22968,16.39513,14.56344,FALSE,TRUE,FALSE,TRUE,FALSE,
2,12.64085,852.9332,655.9691,1014.969,1167.853,859.8146,-51.61929,82.26716,8.362136,-29.6543,119.1517,-49.28167,2.379106,118.0963,-62.28763,36.38457,111.0616,-53.83858,56.3628,89.15559,-20.2223,-32.4,78.57633,-6.112411,-29.48564,85.39173,-26.88578,-15.79502,78.92417,-33.26288,2.697954,74.5134,-26.07311,25.44618,78.15028,-14.00076,-0.1812403,-0.225116,-0.9573269,-0.2226912,-0.5698889,-0.7909711,-0.2201849,-0.5727221,-0.7896252,-0.1297785,-0.5446922,-0.8285336,-0.1848255,-0.7127475,-0.6766318,47.2674,53.33599,60.77208,58.43398,45.81116,18.36592,17.54312,17.22968,16.39513,14.56344,FALSE,TRUE,FALSE,TRUE,FALSE,
3,12.67698,515.1179,574.9049,751.4648,804.873,519.6512,-48.04787,79.62099,22.14922,-32.27046,126.5312,-36.56593,4.222614,127.3929,-52.76619,41.39349,118.3573,-46.20234,60.16696,91.04214,-14.9031,-40.90004,78.7472,9.296829,-31.69291,112.7423,-34.88187,-2.572313,111.2492,-48.61355,29.78933,104.7341,-42.54184,54.90348,88.43153,-15.58777,-0.3454269,-0.186352,-0.9197571,-0.3053495,-0.1237729,-0.9441621,-0.1134696,-0.1136943,-0.9870148,0.07911608,-0.158267,-0.9842216,0.02632976,-0.587836,-0.8085515,47.2674,53.33599,60.77208,58.43398,45.81116,18.36592,17.54312,17.22968,16.39513,14.56344,FALSE,TRUE,TRUE,TRUE,FALSE,
4,12.69504,318.2512,489.877,574.4546,583.1115,348.6488,-48.28293,79.46661,23.28367,-33.52183,130.9273,-35.94098,5.284257,130.7369,-52.41273,43.26918,120.472,-45.459,61.22776,91.99893,-14.411,-42.50967,78.70545,12.47582,-33.00293,123.6344,-35.83144,1.801896,122.3765,-51.23362,37.87614,114.1652,-44.81436,59.20129,90.67,-15.25347,-0.351726,-0.2094644,-0.912367,-0.3176579,-0.007544053,-0.9481754,-0.07275468,-0.01996614,-0.99715,0.1442387,-0.08828615,-0.9855967,0.08759314,-0.5629215,-0.8218557,47.2674,53.33599,60.77208,58.43398,45.81116,18.36592,17.54312,17.22968,16.39513,14.56344,FALSE,TRUE,TRUE,TRUE,TRUE,
4,12.71307,190.4752,379.738,434.6689,391.6873,325.0531,-48.78356,79.90039,23.58163,-34.29594,133.9343,-37.90283,7.074408,133.402,-53.49271,45.36395,121.0259,-44.72871,63.98245,94.95576,-13.08229,-43.57395,78.73576,14.40915,-34.20666,131.4779,-37.46265,5.422637,130.3202,-52.9991,43.39442,119.4614,-44.9615,63.35043,94.12283,-14.3708,-0.3201756,-0.2817055,-0.9045051,-0.3025173,0.04436444,-0.9521109,-0.01515772,0.02093584,-0.9996659,0.2110191,-0.0956581,-0.9727901,0.2139631,-0.53123,-0.8197649,47.2674,53.33599,60.77208,58.43398,45.81116,18.36592,17.54312,17.22968,16.39513,14.56344,FALSE,TRUE,TRUE,TRUE,TRUE,
4,12.73116,110.5904,295.8489,357.6836,277.4508,318.8567,-48.83539,80.43768,23.89818,-34.69235,136.3629,-39.47414,8.389557,137.1873,-54.57039,47.07392,121.8652,-45.01598,67.78902,97.84892,-14.17094,-44.28479,78.84829,15.727,-34.9252,136.6159,-39.03715,7.87855,136.4696,-54.33136,46.72392,122.2066,-45.08721,68.25912,97.74838,-15.4497,-0.3075612,-0.3314799,-0.8919233,-0.300313,0.08788271,-0.9497835,0.01607318,0.07563533,-0.997006,0.2499354,-0.08934925,-0.9641312,0.3335663,-0.454015,-0.8261985,47.2674,53.33599,60.77208,58.43398,45.81116,18.36592,17.54312,17.22968,16.39513,14.56344,FALSE,TRUE,TRUE,TRUE,TRUE,
4,12.74926,54.80926,244.8789,289.3464,226.2434,264.1343,-48.18925,79.83765,23.88628,-34.96132,139.025,-40.4892,9.505799,139.8587,-55.51565,48.6665,123.5561,-45.54425,70.34328,99.80356,-15.2254,-44.66866,78.88653,16.54964,-35.26413,140.3292,-40.27499,9.48689,140.729,-55.42514,49.17136,124.6067,-45.53143,71.48841,100.4267,-16.4488,-0.2951563,-0.3705185,-0.8806809,-0.3001738,0.1383123,-0.9438037,0.03672571,0.1240191,-0.9916,0.2817239,-0.06284332,-0.9574353,0.4006613,-0.3986959,-0.8249316,47.2674,53.33599,60.77208,58.43398,45.81116,18.36592,17.54312,17.22968,16.39513,14.56344,FALSE,TRUE,TRUE,TRUE,TRUE,
4,12.76727,38.3738,178.1556,204.3334,177.8227,204.649,-47.86497,79.54935,24.08289,-35.08337,140.9325,-40.99472,10.17093,141.5987,-56.02787,49.66833,125.2884,-45.91134,72.01733,101.2605,-16.01043,-44.91254,78.81482,17.26298,-35.34667,142.8382,-40.77808,10.42922,143.3914,-55.89732,50.42042,126.9306,-45.90795,73.39829,102.3835,-17.08571,-0.2920935,-0.3935905,-0.8716466,-0.2991451,0.1666267,-0.9395466,0.04734192,0.1494921,-0.9876289,0.2969216,-0.03283695,-0.9543371,0.4407055,-0.3553206,-0.8243336,47.2674,53.33599,60.77208,58.43398,45.81116,18.36592,17.54312,17.22968,16.39513,14.56344,FALSE,TRUE,TRUE,TRUE,TRUE,
4,12.77634,32.01987,143.8876,161.6028,160.4096,185.792,-47.72781,79.31078,24.03969,-35.111,141.3516,-41.41598,10.38022,141.9368,-56.42002,50.14046,126.1314,-46.15194,72.82153,102.0524,-16.42126,-45.01702,78.77946,17.58878,-35.3398,143.401,-41.16887,10.70228,143.932,-56.24735,50.89825,127.9499,-46.13987,74.21287,103.3341,-17.37501,-0.289776,-0.4042001,-0.8675553,-0.2978905,0.1732998,-0.9387377,0.0509211,0.1547394,-0.9866422,0.3042826,-0.01848925,-0.9524024,0.4590994,-0.3333586,-0.8234681,47.2674,53.33599,60.77208,58.43398,45.81116,18.36592,17.54312,17.22968,16.39513,14.56344,FALSE,TRUE,TRUE,TRUE,TRUE,
4,12.79441,27.03533,109.1751,100.3356,115.4449,138.141,-47.54785,79.06271,24.29589,-35.20664,142.4769,-42.10401,10.6209,142.2695,-57.21603,50.70412,127.0029,-46.71394,73.91304,103.0208,-17.06376,-45.248,78.62133,18.48614,-35.33456,144.5431,-41.83948,11.00094,144.433,-56.97522,51.47752,129.0947,-46.67763,75.31657,104.5895,-17.83073,-0.2880445,-0.4275841,-0.856856,-0.2957985,0.1888628,-0.9363942,0.05598168,0.1598295,-0.9855559,0.3138081,-0.003489993,-0.94948,0.4841894,-0.3067397,-0.8194336,47.2674,53.33599,60.77208,58.43398,45.81116,18.36592,17.54312,17.22968,16.39513,14.56344,FALSE,TRUE,TRUE,TRUE,TRUE,
4,12.81251,23.64017,81.12202,66.14729,78.11841,106.3424,-47.3412,78.79609,24.45785,-35.26624,143.3799,-42.60319,10.73196,142.6144,-57.75826,50.98169,127.6632,-47.12778,74.72539,104.0366,-17.54732,-45.45868,78.43145,19.49141,-35.29781,145.4212,-42.3585,11.12659,144.6803,-57.51442,51.71811,129.7896,-47.08574,76.0681,105.7246,-18.15322,-0.2855335,-0.4451273,-0.8487239,-0.2928818,0.1992827,-0.9351506,0.05942693,0.1634346,-0.9847627,0.3190188,0.005414085,-0.9477329,0.5030475,-0.2818284,-0.8170165,47.2674,53.33599,60.77208,58.43398,45.81116,18.36592,17.54312,17.22968,16.39513,14.56344,FALSE,TRUE,TRUE,TRUE,TRUE,
4,12.83057,14.4804,67.47809,50.13927,41.63118,69.46619,-47.66317,79.15965,24.6211,-35.34502,144.1071,-43.3786,10.77407,142.8025,-58.49117,50.96802,127.486,-47.71411,75.03668,104.5107,-17.97351,-45.63093,78.32915,20.23757,-35.29702,146.0516,-43.0045,11.16206,144.8446,-58.05788,51.67997,129.6541,-47.58569,76.31705,106.2724,-18.46029,-0.2860992,-0.4615978,-0.8396872,-0.2888789,0.2021191,-0.9357867,0.0635462,0.1625441,-0.9846529,0.3222134,0.00012516,-0.946667,0.5146856,-0.2719177,-0.8131171,47.2674,53.33599,60.77208,58.43398,45.81116,18.36592,17.54312,17.22968,16.39513,14.56344,FALSE,TRUE,TRUE,TRUE,TRUE,
4,12.84867,7.746852,54.87547,41.90424,29.6119,44.15028,-47.58313,79.2545,24.53346,-35.42866,144.629,-44.05311,10.84466,143.1877,-59.03733,50.94395,127.5664,-48.1367,75.11755,104.8322,-18.29894,-45.77596,78.26847,20.90357,-35.34209,146.4197,-43.6461,11.19936,145.0294,-58.52985,51.61311,129.5824,-47.95532,76.29252,106.5603,-18.71935,-0.2797264,-0.476289,-0.8336078,-0.2858077,0.2011243,-0.9369434,0.06776501,0.1636123,-0.9841946,0.3250087,-0.001829118,-0.9457092,0.5214344,-0.2661589,-0.8107192,47.2674,53.33599,60.77208,58.43398,45.81116,18.36592,17.54312,17.22968,16.39513,14.56344,FALSE,TRUE,TRUE,TRUE,TRUE,
4,12.8667,9.310426,45.61262,31.55255,27.07636,34.77666,-47.52854,79.43932,24.50481,-35.47022,145.2784,-44.40946,10.83205,143.505,-59.35449,50.96448,128.0919,-48.34879,75.18494,105.3053,-18.53201,-45.97548,78.26479,21.80063,-35.36448,146.8412,-44.04843,11.19714,145.1821,-58.82919,51.56903,129.7987,-48.16437,76.25005,106.9698,-18.89384,-0.2769468,-0.4850391,-0.8294802,-0.2833525,0.2023424,-0.9374267,0.06954177,0.1625325,-0.9842495,0.3274543,0.002232844,-0.9448644,0.5260321,-0.2590282,-0.8100584,47.2674,53.33599,60.77208,58.43398,45.81116,18.36592,17.54312,17.22968,16.39513,14.56344,FALSE,TRUE,TRUE,TRUE,TRUE,
4,12.8758,16.76695,44.00187,27.89831,25.02177,31.64131,-47.70027,79.75745,24.55626,-35.49505,145.6774,-44.55074,10.80936,143.6553,-59.49307,50.93288,128.294,-48.44147,75.17461,105.5336,-18.6329,-46.10713,78.33072,22.2975,-35.37254,147.107,-44.20768,11.18878,145.2522,-58.94471,51.54116,129.9401,-48.25106,76.21143,107.1907,-18.96613,-0.2784019,-0.4878111,-0.8273649,-0.2821762,0.2027082,-0.9377025,0.07035699,0.1611299,-0.9844222,0.3282243,0.002695279,-0.944596,0.5280344,-0.2557648,-0.8097926,47.2674,53.33599,60.77208,58.43398,45.81116,18.36592,17.54312,17.22968,16.39513,14.56344,FALSE,TRUE,TRUE,TRUE,TRUE,
4,12.89388,13.71114,37.97356,22.14655,21.44886,28.88341,-47.42202,79.77059,24.40159,-35.55033,146.2847,-44.78853,10.75381,143.9243,-59.72441,50.8284,128.6268,-48.63749,75.16378,106.0337,-18.86681,-46.20241,78.44501,23.07631,-35.39341,147.618,-44.4798,11.16321,145.3742,-59.1333,51.44503,130.1966,-48.42327,76.11308,107.6438,-19.15024,-0.273487,-0.4939484,-0.8253604,-0.2803164,0.2045673,-0.9378566,0.07143413,0.1594243,-0.9846223,0.3284111,0.003178453,-0.9445295,0.5303293,-0.2495568,-0.8102297,47.2674,53.33599,60.77208,58.43398,45.81116,18.36592,17.54312,17.22968,16.39513,14.56344,FALSE,TRUE,TRUE,TRUE,TRUE,
4,12.91239,21.77648,35.59437,19.25841,20.47766,28.19113,-47.49977,80.28687,24.39209,-35.69963,146.9348,-45.00522,10.55309,143.9685,-60.01851,50.56054,128.8067,-48.90282,74.92323,106.4137,-19.19674,-46.27944,78.7732,23.58548,-35.47372,148.1913,-44.73339,11.11677,145.4474,-59.29387,51.26121,130.3761,-48.62072,75.82349,107.9871,-19.42774,-0.2734439,-0.4981332,-0.8228558,-0.2796853,0.2040335,-0.9381612,0.07125359,0.153763,-0.9855353,0.3268347,0.000270953,-0.9450815,0.5293164,-0.2462334,-0.8119072,47.2674,53.33599,60.77208,58.43398,45.81116,18.36592,17.54312,17.22968,16.39513,14.56344,FALSE,TRUE,TRUE,TRUE,TRUE,
4,12.92356,20.50064,32.78289,19.21024,21.6954,29.69233,-47.32399,80.39035,24.33082,-35.86704,147.2457,-45.07935,10.34178,143.9736,-60.16149,50.31201,128.8319,-49.06339,74.7066,106.6255,-19.41173,-46.2278,78.98956,23.74306,-35.59288,148.5287,-44.86082,11.06658,145.467,-59.38211,51.0885,130.423,-48.7579,75.57248,108.1678,-19.6313,-0.2704878,-0.5010508,-0.8220611,-0.2800106,0.2037345,-0.9381292,0.07035018,0.1505318,-0.9860989,0.3251304,-0.002254223,-0.9456665,0.5275901,-0.2448329,-0.8134528,47.2674,53.33599,60.77208,58.43398,45.81116,18.36592,17.54312,17.22968,16.39513,14.56344,FALSE,TRUE,TRUE,TRUE,TRUE,
4,12.94604,29.01857,33.15648,41.79004,40.38516,44.09404,-46.76336,80.59816,24.02836,-36.59306,147.5378,-45.57498,9.609975,143.522,-60.78499,49.3703,128.4957,-49.69767,73.74693,106.7733,-20.07994,-45.80079,79.29402,23.70561,-36.09062,148.8656,-45.25998,10.83621,145.336,-59.67104,50.47567,130.2897,-49.19294,74.70078,108.29,-20.20427,-0.2592684,-0.5119967,-0.8189256,-0.2819693,0.1945316,-0.939495,0.06674716,0.1258535,-0.9898009,0.3198954,-0.01499147,-0.9473342,0.5199229,-0.2506467,-0.8166128,47.2674,53.33599,60.77208,58.43398,45.81116,18.36592,17.54312,17.22968,16.39513,14.56344,FALSE,TRUE,TRUE,TRUE,TRUE,
4,12.95877,44.29144,41.19804,75.01987,60.4333,62.96885,-46.05111,80.56746,23.86978,-37.22472,147.2498,-45.92921,8.947564,142.5819,-61.25097,48.51103,128.089,-50.19188,72.87275,106.8122,-20.66323,-45.29795,79.39479,23.56595,-36.53248,148.6249,-45.56304,10.49425,144.8657,-60.01475,49.80377,129.9731,-49.60194,73.90286,108.2823,-20.70593,-0.2467562,-0.5218616,-0.816561,-0.2854535,0.1764663,-0.9420063,0.06184178,0.09727962,-0.9933339,0.3127484,-0.02822155,-0.9494166,0.5097078,-0.2568402,-0.8211157,47.2674,53.33599,60.77208,58.43398,45.81116,18.36592,17.54312,17.22968,16.39513,14.56344,FALSE,TRUE,TRUE,TRUE,TRUE,
4,12.97196,82.507,71.03162,124.2528,94.00285,91.34448,-44.5293,80.13315,23.5463,-37.98361,146.2929,-46.42276,8.16692,140.728,-61.87623,47.31208,127.1953,-50.92458,71.66734,106.6066,-21.58773,-44.2607,79.28048,23.28363,-37.1272,147.8221,-45.99511,9.885066,143.5993,-60.59605,48.71793,129.2181,-50.23671,72.81192,108.1102,-21.45254,-0.2247709,-0.5359358,-0.8137879,-0.2909935,0.1476538,-0.9452624,0.05529088,0.05620544,-0.9968871,0.2994871,-0.04906992,-0.9528376,0.4919253,-0.2659372,-0.8290277,47.2674,53.33599,60.77208,58.43398,45.81116,18.36592,17.54312,17.22968,16.39513,14.56344,FALSE,TRUE,TRUE,TRUE,TRUE,
4,12.98652,131.5456,108.137,190.7969,170.8873,147.3419,-42.37443,80.59662,22.56465,-39.03234,144.8851,-47.28876,7.11201,137.4765,-62.83265,45.09769,124.7561,-52.0689,69.41368,105.2628,-22.93129,-42.53667,79.4848,22.54778,-37.98376,146.4293,-46.6996,8.855551,140.7025,-61.57955,46.57135,127.066,-51.34409,70.88491,107.2043,-22.6133,-0.1945725,-0.5462415,-0.8147158,-0.2971566,0.1101657,-0.9484521,0.04850687,-0.002805687,-0.9988189,0.2729216,-0.09413922,-0.9574193,0.4597706,-0.2910701,-0.838981,47.2674,53.33599,60.77208,58.43398,45.81116,18.36592,17.54312,17.22968,16.39513,14.56344,FALSE,TRUE,TRUE,TRUE,TRUE,
4,13.01708,197.1704,145.5135,305.3298,481.9735,389.6928,-36.23519,81.23863,20.12106,-40.72113,140.9803,-49.1909,4.610976,127.5299,-64.54137,37.26809,110.6079,-53.61678,61.3365,94.40331,-24.94012,-37.07183,80.21429,20.19181,-39.74084,142.6687,-48.42918,5.880663,129.9101,-63.8556,37.90847,112.9312,-53.5057,62.19669,97.43446,-25.36315,-0.1204958,-0.5790173,-0.806362,-0.3041185,0.05421525,-0.9510902,0.03166813,-0.1079304,-0.993654,0.1724831,-0.265317,-0.9486077,0.3455677,-0.4065875,-0.8457361,47.2674,53.33599,60.77208,58.43398,45.81116,18.36592,17.54312,17.22968,16.39513,14.56344,FALSE,TRUE,TRUE,TRUE,TRUE,
4,13.03211,159.7218,107.6136,1740.96,608.598,656.9797,-34.71889,82.18652,20.11521,-40.75387,140.3016,-49.67854,-26.52033,80.36546,-12.48493,31.56918,101.208,-52.5464,52.33168,84.20073,-23.4535,-34.62022,80.67879,19.57743,-40.14791,141.3852,-49.09646,-14.25749,98.85321,-48.20338,31.50851,102.134,-52.79105,52.14976,85.37469,-24.39304,-0.1047717,-0.6013501,-0.7920865,-0.3035591,0.03786193,-0.95206,-0.3860608,-0.735803,-0.556373,0.09627955,-0.3718862,-0.9232718,0.1890908,-0.5563664,-0.809136,47.2674,53.33599,60.77208,58.43398,45.81116,18.36592,17.54312,17.22968,16.39513,14.56344,FALSE,TRUE,TRUE,TRUE,TRUE,
3,13.04488,182.1678,1227.474,1606.039,1554.888,1295.126,-32.87742,83.2939,17.65141,-44.80663,96.75008,-10.03285,-32.97148,73.48055,-3.145867,-3.173388,75.47829,-7.198211,19.38728,75.41452,5.009835,-32.87294,81.44608,18.40362,-46.61268,115.5661,-39.2846,-24.39351,85.33961,-33.46018,9.180993,82.05335,-37.75248,29.82195,73.40797,-13.16221,-0.07098906,-0.5760548,-0.8143227,-0.4500958,-0.6183116,-0.644286,-0.4733181,-0.8454396,-0.2473901,-0.3328005,-0.7608281,-0.5571216,-0.3308865,-0.808787,-0.486187,47.2674,53.33599,60.77208,58.43398,45.81116,18.36592,17.54312,17.22968,16.39513,14.56344,FALSE,TRUE,FALSE,TRUE,TRUE,
0,13.06675,291.7152,936.6606,755.6736,1047.105,903.0052,-30.19407,89.16817,10.9423,-42.3096,90.65733,-3.554825,-30.80959,80.06163,-7.890718,-9.647367,76.02928,-2.000916,9.451492,77.80574,10.69677,-30.56218,84.23317,15.06288,-45.29836,98.15105,-22.29745,-28.61563,81.31218,-21.34512,-4.040382,76.48813,-18.78836,14.55247,74.75477,0.6610532,0.01991305,-0.4735551,-0.8805391,-0.3941133,-0.877836,-0.2721739,-0.4957405,-0.8589261,-0.1284027,-0.5045058,-0.826069,-0.2511652,-0.5974828,-0.7652726,-0.2395248,47.2674,53.33599,60.77208,58.43398,45.81116,18.36592,17.54312,17.22968,16.39513,14.56344,FALSE,FALSE,FALSE,FALSE,FALSE,
0,13.07584,338.8014,684.8786,477.0445,749.3999,688.9426,-28.53429,92.68994,8.532545,-40.90429,94.5714,-5.121389,-29.31529,85.18056,-10.57407,-8.541913,80.78503,-4.455373,9.550855,81.73957,9.192671,-29.51284,86.04971,13.41838,-43.8937,97.61075,-18.65351,-28.68511,82.49724,-19.57862,-5.255426,78.60315,-15.61796,12.53412,78.18842,2.82035,0.06100274,-0.4218971,-0.9045891,-0.3715558,-0.8997114,-0.2290537,-0.4928849,-0.8571,-0.1498136,-0.5177327,-0.8208464,-0.2411722,-0.626156,-0.7431019,-0.2360681,47.2674,53.33599,60.77208,58.43398,45.81116,18.36592,17.54312,17.22968,16.39513,14.56344,FALSE,FALSE,FALSE,FALSE,FALSE,
0,13.09398,315.7177,403.3008,307.3823,455.5628,443.4854,-24.99924,97.77247,6.843832,-38.06662,101.3264,-6.582453,-26.53842,92.65479,-11.45316,-6.159829,88.26929,-5.313078,10.83374,88.36227,8.971786,-26.65734,90.75449,10.34121,-41.47338,99.39834,-14.68293,-28.08674,85.4332,-17.56994,-5.494972,83.44163,-11.82662,11.48061,85.0573,5.730824,0.1277014,-0.3574516,-0.9251598,-0.3411674,-0.9177009,-0.203543,-0.4845901,-0.8587149,-0.1666766,-0.5266498,-0.8165788,-0.2363029,-0.646523,-0.7205825,-0.2505372,47.2674,53.33599,60.77208,58.43398,45.81116,18.36592,17.54312,17.22968,16.39513,14.56344,FALSE,FALSE,FALSE,FALSE,FALSE,
0,13.11199,244.086,235.8951,246.6788,387.0643,308.5178,-23.19669,100.4354,6.178421,-37.21881,105.3105,-7.23379,-26.28154,95.94048,-10.48968,-7.506025,90.23767,-2.559245,10.42722,91.09361,9.208425,-23.97604,95.05913,8.145108,-40.25894,101.1252,-12.95684,-27.71869,87.63786,-16.04022,-6.204497,85.87289,-8.828118,10.73392,88.95815,7.379784,0.1483608,-0.3294395,-0.9324477,-0.3499637,-0.9124615,-0.2119893,-0.5002601,-0.8533051,-0.1470041,-0.5619313,-0.8112791,-0.1614299,-0.6745195,-0.6985883,-0.2387422,47.2674,53.33599,60.77208,58.43398,45.81116,18.36592,17.54312,17.22968,16.39513,14.56344,FALSE,FALSE,FALSE,FALSE,FALSE,
0,13.13006,341.6949,356.9277,378.066,411.3421,359.5056,-22.86123,108.6497,5.580016,-38.01601,116.4601,-7.457712,-28.04784,106.1883,-10.62326,-11.32821,97.3224,-0.5155144,6.916311,97.23162,9.527125,-22.00178,101.4612,6.574249,-39.42636,104.9612,-11.70031,-27.68661,91.50123,-14.49851,-7.600955,88.4473,-6.167986,8.209072,93.41296,9.096415,0.1445675,-0.2633514,-0.9538062,-0.4111197,-0.8671008,-0.281277,-0.5595105,-0.8053939,-0.1956748,-0.631302,-0.7639031,-0.1338274,-0.7468731,-0.6282386,-0.2179376,47.2674,53.33599,60.77208,58.43398,45.81116,18.36592,17.54312,17.22968,16.39513,14.56344,FALSE,FALSE,FALSE,FALSE,FALSE,
0,13.14822,205.4161,244.6716,254.089,345.4913,269.2747,-22.17086,109.5652,5.753156,-38.59179,118.6749,-6.985975,-29.12132,108.0956,-10.23583,-14.33802,97.09148,3.667436,4.218647,97.49033,11.41422,-20.91435,106.2556,5.928219,-39.0643,110.6454,-10.08923,-28.31818,97.59416,-12.61641,-9.724401,90.72863,-3.072371,4.846048,96.0324,11.16569,0.1478797,-0.2626471,-0.9534926,-0.4394696,-0.855625,-0.2734454,-0.5869191,-0.7858925,-0.1946762,-0.6640649,-0.7464636,-0.04254347,-0.7864588,-0.5997942,-0.147409,47.2674,53.33599,60.77208,58.43398,45.81116,18.36592,17.54312,17.22968,16.39513,14.56344,FALSE,FALSE,FALSE,FALSE,FALSE,
0,13.16619,98.67117,542.2491,142.4788,277.4913,205.9122,-21.25333,108.8784,6.2108,-36.34013,113.2842,16.81466,-29.5921,108.0965,-9.796584,-15.87475,96.05042,6.998553,2.616744,97.1413,13.54978,-19.97257,107.4301,6.065849,-38.87959,111.3053,-4.961097,-29.06434,102.566,-10.91877,-11.33335,91.83625,-0.4319015,2.747193,96.55488,13.3874,0.1604159,-0.2748956,-0.9479975,-0.3710775,-0.9129294,0.1698866,-0.5901124,-0.785315,-0.18721,-0.6671284,-0.7445202,0.02508798,-0.7994547,-0.5951371,-0.08175509,47.2674,53.33599,60.77208,58.43398,45.81116,18.36592,17.54312,17.22968,16.39513,14.56344,FALSE,FALSE,FALSE,FALSE,FALSE,
0,13.18425,96.79113,460.4975,130.5046,237.4666,223.8863,-19.72797,107.5489,8.573232,-36.91523,113.7613,20.52388,-31.2355,109.4244,-8.865616,-18.15615,96.08144,9.812391,-0.2414217,97.2477,16.54523,-18.81621,106.7055,7.511305,-38.71531,111.5161,-1.524287,-30.36089,106.1388,-9.420905,-12.70649,92.45448,1.771338,0.5612342,96.69662,15.86891,0.2063737,-0.3225299,-0.9237881,-0.3307766,-0.89298,0.3052434,-0.6024776,-0.7764649,-0.184724,-0.6723724,-0.7367854,0.0711519,-0.8148175,-0.5796499,0.008856126,47.2674,53.33599,60.77208,58.43398,45.81116,18.36592,17.54312,17.22968,16.39513,14.56344,FALSE,FALSE,FALSE,FALSE,FALSE,
0,13.20238,89.1384,282.4505,113.2453,200.6876,202.5587,-19.31553,106.9976,10.09714,-37.50818,114.4403,21.5037,-32.42444,110.3829,-8.03163,-19.84991,95.89203,12.22143,-2.30482,97.13345,19.04774,-18.28061,106.1693,8.695971,-38.65371,111.69,0.1962224,-31.73493,108.414,-8.208179,-13.89287,92.85282,3.629299,-1.256668,96.68648,18.11164,0.2166394,-0.3371916,-0.916171,-0.3273006,-0.8900321,0.3173596,-0.6130283,-0.7683745,-0.1838393,-0.6754346,-0.7297841,0.1058453,-0.8206441,-0.5668364,0.07238643,47.2674,53.33599,60.77208,58.43398,45.81116,18.36592,17.54312,17.22968,16.39513,14.56344,FALSE,FALSE,FALSE,FALSE,FALSE,
0,13.21142,78.44387,226.738,109.0696,191.7908,196.0988,-19.85475,106.688,10.71419,-38.0515,114.3286,22.17304,-33.40713,110.2054,-7.314646,-20.80101,95.43035,13.48204,-3.395308,96.68723,20.28853,-18.2847,106.0356,9.063909,-38.65293,111.7431,0.7051636,-32.53602,108.9367,-7.568378,-14.44346,92.97369,4.479438,-2.062463,96.56792,19.11721,0.2064225,-0.340465,-0.9173186,-0.3260417,-0.888888,0.3218306,-0.6183435,-0.7663219,-0.1743617,-0.6751196,-0.7265693,0.1277127,-0.8209508,-0.5611045,0.1058371,47.2674,53.33599,60.77208,58.43398,45.81116,18.36592,17.54312,17.22968,16.39513,14.56344,FALSE,FALSE,FALSE,FALSE,FALSE,
0,13.22948,60.74641,116.3767,98.22066,171.838,146.6343,-20.37766,106.7625,11.48291,-38.96245,114.8817,22.10033,-34.72552,110.6472,-6.459176,-22.22838,95.10547,15.80733,-4.779062,96.55701,21.54109,-18.36169,105.9381,9.5051,-38.67272,111.8315,1.387767,-33.99727,109.6668,-6.504547,-15.44209,93.14167,6.044576,-3.399806,96.39335,20.67037,0.1945408,-0.3381823,-0.9207533,-0.3356816,-0.8932028,0.2991766,-0.626655,-0.7611273,-0.1672985,-0.6728793,-0.7206105,0.1671945,-0.8214461,-0.5531166,0.1388823,47.2674,53.33599,60.77208,58.43398,45.81116,18.36592,17.54312,17.22968,16.39513,14.56344,FALSE,FALSE,FALSE,FALSE,FALSE,
0,13.24759,46.24343,72.18787,601.3105,137.9928,113.7328,-20.40481,106.9804,11.96836,-39.93142,115.9903,19.7459,-33.45562,105.3361,22.29797,-23.06069,95.01015,17.5741,-5.695318,96.60831,22.71589,-18.41377,105.9294,9.733009,-38.78826,112.1093,2.59017,-34.97693,107.6342,1.920682,-16.23664,93.25141,7.349622,-4.402574,96.31995,21.86415,0.1908323,-0.3372577,-0.9218678,-0.3669648,-0.9024541,0.2256402,-0.5496741,-0.7926122,0.2638641,-0.6701936,-0.7156619,0.1966431,-0.8210114,-0.5453104,0.1690468,47.2674,53.33599,60.77208,58.43398,45.81116,18.36592,17.54312,17.22968,16.39513,14.56344,FALSE,FALSE,FALSE,FALSE,FALSE,
0,13.26567,46.28389,199.6277,529.452,130.8903,84.87598,-20.2034,107.4979,12.55363,-41.87305,118.1911,14.61021,-33.67915,105.0908,27.17348,-24.01335,95.29152,19.57675,-6.604401,97.14195,23.30503,-18.43504,105.9568,9.890457,-39.12393,112.6897,3.755528,-35.02528,106.7911,7.361928,-16.8436,93.34647,8.395086,-5.242625,96.40909,22.79803,0.1889838,-0.3356382,-0.9228392,-0.4182182,-0.9048973,0.0790852,-0.4819008,-0.7666626,0.4242642,-0.6627544,-0.7108526,0.2354681,-0.8192108,-0.5398664,0.1934888,47.2674,53.33599,60.77208,58.43398,45.81116,18.36592,17.54312,17.22968,16.39513,14.56344,FALSE,FALSE,FALSE,FALSE,FALSE,
0,13.28366,56.22417,281.1135,323.9144,98.75287,77.99632,-19.22474,107.9782,12.9927,-44.02067,121.6606,9.772179,-34.57814,106.4057,27.65777,-25.43102,96.56586,19.76356,-7.951216,98.39141,22.57654,-18.40707,106.0055,10.06082,-39.64312,113.5454,4.247137,-35.02308,106.6041,9.984765,-17.51139,93.51803,9.440973,-6.348593,96.88665,23.44365,0.2012271,-0.3474084,-0.9158685,-0.4641688,-0.8846835,-0.04338569,-0.4555614,-0.7564157,0.4693603,-0.6614959,-0.7055822,0.2541199,-0.8193569,-0.5325387,0.2122658,47.2674,53.33599,60.77208,58.43398,45.81116,18.36592,17.54312,17.22968,16.39513,14.56344,FALSE,FALSE,FALSE,FALSE,FALSE,
0,13.30175,79.10203,67.42215,121.417,95.34625,108.0169,-17.27551,108.2196,11.58445,-42.62315,121.0851,15.62525,-35.30909,108.0354,25.21173,-26.28518,98.24998,17.17624,-8.933412,100.019,20.24213,-18.19555,106.0766,10.28052,-40.19672,114.4609,4.741316,-35.07492,106.6571,11.22351,-19.02181,94.15285,11.18627,-7.817544,98.03339,23.05973,0.235606,-0.3678038,-0.8995611,-0.4014879,-0.9060819,0.1335035,-0.4466166,-0.7561723,0.4782646,-0.6605567,-0.7064803,0.2540676,-0.8169709,-0.5317319,0.2232034,47.2674,53.33599,60.77208,58.43398,45.81116,18.36592,17.54312,17.22968,16.39513,14.56344,FALSE,FALSE,FALSE,FALSE,FALSE,
0,13.3108,95.23609,174.5243,69.68814,117.3767,130.9724,-16.91017,109.0129,10.2035,-41.46205,120.0721,19.75513,-35.47353,108.7171,23.71463,-26.36618,99.09836,15.56807,-9.040549,101.0229,18.66269,-18.05194,106.1626,10.30739,-40.29994,114.6421,5.180359,-35.11838,106.748,11.88131,-19.81629,94.59911,11.82918,-8.280603,98.69683,22.35604,0.2471938,-0.3604037,-0.8994467,-0.3358111,-0.9066072,0.2555275,-0.4380204,-0.7639346,0.4738587,-0.6542232,-0.7151758,0.2459992,-0.8122844,-0.5416228,0.2164229,47.2674,53.33599,60.77208,58.43398,45.81116,18.36592,17.54312,17.22968,16.39513,14.56344,FALSE,FALSE,FALSE,FALSE,FALSE,
0,13.32892,80.347,208.8252,66.8676,123.4894,128.0276,-15.78433,109.7495,9.40218,-40.70845,120.1397,21.78797,-36.33839,109.0348,21.38654,-26.32931,100.6352,13.46237,-9.026488,102.5742,16.70592,-17.69913,106.3871,10.29915,-40.36281,114.8597,5.835679,-35.36543,107.1007,13.58964,-21.10511,95.58034,12.51577,-8.806277,99.98938,20.86966,0.2680027,-0.3356893,-0.9030433,-0.2656161,-0.9008549,0.343378,-0.4504574,-0.7948483,0.4065763,-0.6502523,-0.7299293,0.2106537,-0.809455,-0.5562636,0.188025,47.2674,53.33599,60.77208,58.43398,45.81116,18.36592,17.54312,17.22968,16.39513,14.56344,FALSE,FALSE,FALSE,FALSE,FALSE,
0,13.34698,266.2719,199.7231,268.4271,218.9398,211.2045,-12.709,101.911,5.750111,-38.45241,114.4645,16.40022,-35.64227,102.3988,15.21715,-24.28043,94.49638,9.330387,-7.067489,96.44977,12.97437,-17.15066,106.0787,10.02852,-40.30753,114.8841,6.466135,-35.65639,106.5605,14.04767,-21.70777,95.69169,12.4578,-8.701465,99.59936,19.3658,0.2984982,-0.4229173,-0.8555932,-0.2783587,-0.858398,0.4308935,-0.4991017,-0.7665482,0.4041056,-0.6697759,-0.7015592,0.243341,-0.8256613,-0.5277638,0.1993708,47.2674,53.33599,60.77208,58.43398,45.81116,18.36592,17.54312,17.22968,16.39513,14.56344,FALSE,FALSE,FALSE,FALSE,FALSE,
0,13.36514,559.4985,532.6821,571.3351,562.4269,562.1517,-10.72573,93.38409,-8.231592,-36.90451,107.2265,0.3724889,-34.19393,94.83829,0.7576002,-22.44346,86.98121,-4.911815,-5.247818,89.42355,-1.394055,-15.86229,103.6067,7.840575,-40.00011,114.0444,6.422531,-35.596,104.2967,12.65326,-21.93612,94.29788,10.85784,-8.013793,96.91812,15.69128,0.3160419,-0.5012119,-0.8055459,-0.2787603,-0.8177342,0.5035905,-0.4960464,-0.7291393,0.4714806,-0.6705737,-0.685055,0.284659,-0.8282259,-0.5188918,0.2116442,47.2674,53.33599,60.77208,58.43398,45.81116,18.36592,17.54312,17.22968,16.39513,14.56344,FALSE,FALSE,FALSE,FALSE,FALSE,
0,13.37412,442.9714,979.8482,1085.31,973.376,464.2784,-31.54028,92.25957,4.606411,-34.34006,130.6618,-35.70779,-8.568922,117.0581,-43.6845,7.704439,102.287,-37.01058,1.590826,82.97576,8.912465,-16.2932,101.5821,6.477726,-40.03749,113.096,5.24859,-35.24765,103.0802,10.35021,-21.22975,93.40668,8.872932,-6.484595,94.41483,14.57957,0.1057967,-0.3807464,-0.9186072,-0.3490545,-0.9271027,-0.1365338,-0.5018805,-0.8582879,-0.1070412,-0.5511664,-0.8052312,-0.2186741,-0.7254717,-0.677844,0.1192404,47.2674,53.33599,60.77208,58.43398,45.81116,18.36592,17.54312,17.22968,16.39513,14.56344,FALSE,FALSE,FALSE,FALSE,FALSE,
3,13.39218,811.4488,949.7003,1241.367,1227.22,945.1882,-43.5543,84.9904,23.17732,-37.53472,149.9927,-40.03136,-1.549424,141.9257,-53.72958,31.53847,123.9274,-46.15119,49.08496,102.4088,-12.47469,-23.65667,93.49149,8.927382,-40.05383,112.633,3.856951,-33.90454,102.3186,5.532289,-19.87154,92.97944,6.318844,1.975264,87.89188,8.617736,-0.2684325,-0.437167,-0.8583875,-0.3939435,-0.5013705,-0.7703481,-0.3238773,-0.6002054,-0.7313392,-0.2350683,-0.6357515,-0.7352298,-0.4249707,-0.7950377,-0.4327989,47.2674,53.33599,60.77208,58.43398,45.81116,18.36592,17.54312,17.22968,16.39513,14.56344,FALSE,TRUE,TRUE,TRUE,FALSE,
4,13.41027,683.4315,807.5408,1120.231,1158.22,1158.843,-43.97601,80.92195,29.87879,-42.0946,146.2543,-40.31459,-5.82734,142.6551,-55.77831,35.20743,126.4484,-46.1447,59.33078,105.6127,-18.64663,-30.61101,87.56444,16.43261,-40.52489,113.6645,0.6039764,-31.9642,103.901,-0.05924135,-11.72644,95.57999,-3.055175,1.975264,87.89188,8.617736,-0.3285064,-0.4993209,-0.8017245,-0.3532977,-0.1293822,-0.9265209,-0.1719569,-0.2275913,-0.9584535,0.03776234,-0.3666835,-0.9295791,0.06457798,-0.6089565,-0.7905705,47.2674,53.33599,60.77208,58.43398,45.81116,18.36592,17.54312,17.22968,16.39513,14.56344,FALSE,TRUE,TRUE,TRUE,TRUE,
4,13.42834,423.0458,623.1057,876.4459,885.2982,938.5952,-44.18795,80.14568,31.13986,-44.00417,145.1955,-39.41225,-5.493803,143.5228,-55.45819,35.14233,127.3793,-46.56469,62.27748,107.0211,-18.04135,-34.87603,84.41078,21.11268,-41.14244,116.1674,-4.092947,-29.06973,107.4022,-7.267468,-1.294811,100.8095,-13.82688,29.93078,92.92902,-6.023435,-0.3482203,-0.5051255,-0.7896777,-0.331285,0.04657881,-0.9423803,-0.09484258,-0.003395711,-0.9954865,0.1457903,-0.1783346,-0.9731094,0.2942491,-0.4217838,-0.8576222,47.2674,53.33599,60.77208,58.43398,45.81116,18.36592,17.54312,17.22968,16.39513,14.56344,FALSE,TRUE,TRUE,TRUE,TRUE,
4,13.44639,245.6855,444.9338,617.3136,634.7789,677.0723,-44.13025,79.43969,31.29477,-45.34484,145.6188,-38.41909,-5.58076,144.6826,-54.80111,35.09138,129.9055,-46.42677,63.82401,108.5911,-17.65355,-37.58059,82.59814,24.03486,-42.24025,121.8087,-11.76142,-24.22043,114.4858,-17.89307,11.25023,109.6863,-25.79259,49.64383,100.1927,-13.8799,-0.3550442,-0.5027567,-0.7881494,-0.3301573,0.135539,-0.9341442,-0.06134424,0.1025468,-0.9928349,0.1895069,-0.05733811,-0.9802038,0.4054414,-0.3050717,-0.8617126,47.2674,53.33599,60.77208,58.43398,45.81116,18.36592,17.54312,17.22968,16.39513,14.56344,FALSE,TRUE,TRUE,TRUE,TRUE,
4,13.46452,148.0571,277.4235,404.8527,417.8061,441.209,-44.35352,79.30776,31.32401,-46.1159,146.1308,-37.87199,-5.876816,145.9488,-54.33471,35.30584,131.4653,-46.19934,64.57451,109.8407,-17.4291,-39.45339,81.42001,25.96929,-43.85783,130.1235,-21.40168,-17.95619,124.8314,-30.85893,22.85762,119.5733,-36.05824,60.00015,105.9375,-16.81484,-0.3621558,-0.5005856,-0.7862933,-0.3338656,0.16344,-0.9283432,-0.05162552,0.1504847,-0.9872635,0.211612,-0.003824385,-0.9773462,0.4526201,-0.2480634,-0.8565043,47.2674,53.33599,60.77208,58.43398,45.81116,18.36592,17.54312,17.22968,16.39513,14.56344,FALSE,TRUE,TRUE,TRUE,TRUE,
4,13.48264,77.16421,175.7548,250.0476,260.0537,272.4313,-44.23178,79.05638,31.09869,-46.5357,146.6141,-37.60405,-6.01775,146.832,-54.12962,35.52044,132.4845,-46.13239,64.98123,110.781,-17.45563,-40.77616,80.58235,27.28289,-45.50185,138.1653,-29.82407,-12.18567,135.2857,-42.47419,30.61415,127.0804,-42.44103,63.86316,109.1061,-17.55445,-0.3604499,-0.5002682,-0.7872786,-0.3369967,0.1792125,-0.9242922,-0.04884807,0.171079,-0.9840457,0.2216166,0.02012509,-0.9749262,0.4704188,-0.2201285,-0.8545464,47.2674,53.33599,60.77208,58.43398,45.81116,18.36592,17.54312,17.22968,16.39513,14.56344,FALSE,TRUE,TRUE,TRUE,TRUE,
4,13.50058,32.28963,114.0833,155.6554,161.3462,170.6585,-43.8937,78.80357,30.5555,-46.80354,147.1312,-37.58514,-6.043899,147.5325,-54.14738,35.61595,133.272,-46.19754,65.18565,111.6416,-17.63108,-41.65031,79.84617,28.13772,-46.65004,143.6405,-34.80719,-8.497,142.5177,-49.78434,34.2046,131.1246,-45.26659,64.97414,110.7553,-17.80387,-0.3531805,-0.5012373,-0.7899523,-0.3392,0.1883158,-0.9216727,-0.04699289,0.1797628,-0.9825869,0.2255699,0.02971144,-0.9737738,0.4784058,-0.2035719,-0.8542168,47.2674,53.33599,60.77208,58.43398,45.81116,18.36592,17.54312,17.22968,16.39513,14.56344,FALSE,TRUE,TRUE,TRUE,TRUE,
4,13.50967,23.49618,90.06117,123.7204,130.3971,136.2307,-43.61895,78.6157,30.17352,-46.85435,147.3354,-37.67539,-6.003766,147.8602,-54.20585,35.69932,133.6735,-46.24464,65.24924,112.046,-17.73949,-41.96418,79.43239,28.43733,-46.99509,145.2541,-36.16323,-7.429478,144.7825,-51.85814,35.03155,132.3015,-45.88065,65.16547,111.36,-17.91878,-0.3468544,-0.5026959,-0.7918262,-0.3393993,0.1903342,-0.9211845,-0.04580761,0.1826037,-0.9821189,0.2276639,0.03397796,-0.9731468,0.4806407,-0.1971469,-0.8544692,47.2674,53.33599,60.77208,58.43398,45.81116,18.36592,17.54312,17.22968,16.39513,14.56344,FALSE,TRUE,TRUE,TRUE,TRUE,
4,13.52775,40.85026,60.21695,83.08837,87.70758,87.84503,-42.90266,78.18701,29.15097,-46.82719,147.7632,-38.04969,-5.792356,148.4657,-54.4315,35.90013,134.3461,-46.38002,65.29339,112.6712,-17.96585,-42.09105,78.65701,28.56002,-47.27264,146.8999,-37.54598,-6.306916,147.2351,-53.87778,35.77924,133.6482,-46.40251,65.26504,112.219,-18.16072,-0.3291533,-0.5060459,-0.7972299,-0.3375119,0.193465,-0.9212258,-0.0415901,0.1870204,-0.9814752,0.232248,0.04041437,-0.9718166,0.4835966,-0.1874317,-0.8549876,47.2674,53.33599,60.77208,58.43398,45.81116,18.36592,17.54312,17.22968,16.39513,14.56344,FALSE,TRUE,TRUE,TRUE,TRUE,
4,13.54581,77.71415,37.87562,47.50627,48.64866,50.64183,-41.45859,77.54855,28.11361,-46.79821,147.9151,-38.50927,-5.424677,148.4885,-54.7614,36.08843,134.4436,-46.5381,65.08389,112.8873,-18.23186,-41.44086,77.9132,28.18756,-47.30672,147.3888,-38.21489,-5.682783,147.8879,-54.64364,36.06962,134.0063,-46.62324,64.99142,112.6161,-18.47493,-0.2993006,-0.515362,-0.8030075,-0.3364346,0.1889264,-0.9225609,-0.03593086,0.1801613,-0.9829806,0.2357448,0.03739068,-0.9710954,0.4804354,-0.1842533,-0.857457,47.2674,53.33599,60.77208,58.43398,45.81116,18.36592,17.54312,17.22968,16.39513,14.56344,FALSE,TRUE,TRUE,TRUE,TRUE,
4,13.56391,88.04079,23.25264,36.61081,13.56918,32.56058,-40.08898,77.25326,27.31306,-46.83789,147.5376,-38.95873,-4.934933,147.5822,-55.10308,36.11185,133.9613,-46.65247,64.41328,112.6632,-18.55114,-40.32251,77.31232,27.62728,-47.32513,147.1768,-38.6002,-5.118364,147.1634,-55.07709,36.08215,133.5874,-46.74107,64.22463,112.5066,-18.84709,-0.2723638,-0.5228527,-0.8077395,-0.3371297,0.1697067,-0.9260362,-0.03022903,0.1532452,-0.9877257,0.2356281,0.02366449,-0.9715552,0.4671113,-0.1902205,-0.8634948,47.2674,53.33599,60.77208,58.43398,45.81116,18.36592,17.54312,17.22968,16.39513,14.56344,FALSE,TRUE,TRUE,TRUE,TRUE,
4,13.58196,106.4831,38.21571,68.04532,35.40562,59.36999,-38.28887,77.02086,26.31911,-46.9103,146.7686,-39.42891,-4.3029,146.1413,-55.40293,35.84695,132.8881,-46.73669,63.15415,112.1414,-19.0227,-38.80402,76.89162,26.87674,-47.34991,146.6765,-38.94318,-4.387683,145.5983,-55.45251,35.74184,132.4404,-46.83801,62.85679,112.0575,-19.37694,-0.2385374,-0.5282693,-0.8148813,-0.3381364,0.1422602,-0.9302827,-0.02299353,0.1169191,-0.9928752,0.2300223,-0.002392809,-0.9731824,0.4421557,-0.2032596,-0.8736039,47.2674,53.33599,60.77208,58.43398,45.81116,18.36592,17.54312,17.22968,16.39513,14.56344,FALSE,TRUE,TRUE,TRUE,TRUE,
4,13.60006,173.2989,48.59563,101.8542,78.44125,113.3896,-34.44576,76.09106,25.29506,-46.90078,145.8467,-39.84374,-3.754888,144.0251,-55.6394,35.07042,131.2635,-46.79788,60.92867,111.2871,-19.75744,-36.08111,76.28074,25.93491,-47.34466,145.9731,-39.30764,-3.693282,143.1811,-55.74997,34.76201,130.4667,-46.93925,60.41971,111.0357,-20.20552,-0.1793938,-0.5410219,-0.8216527,-0.3376621,0.1217184,-0.9333643,-0.01850035,0.07197247,-0.997235,0.2133425,-0.0429256,-0.976034,0.3926579,-0.2357645,-0.8889515,47.2674,53.33599,60.77208,58.43398,45.81116,18.36592,17.54312,17.22968,16.39513,14.56344,FALSE,TRUE,TRUE,TRUE,TRUE,
4,13.60909,118.4302,60.4908,123.4186,91.71129,128.2499,-34.58518,76.69854,25.03901,-46.87457,145.3975,-40.35126,-3.344687,142.6558,-55.81831,34.61783,130.3069,-46.69637,59.62081,110.6321,-19.74028,-35.05101,76.23846,25.51843,-47.33054,145.5408,-39.57241,-3.286461,141.6404,-55.90891,34.15122,129.4221,-46.86961,58.95298,110.4069,-20.38237,-0.1711439,-0.5437686,-0.8215993,-0.3339188,0.0980325,-0.9374902,-0.01154834,0.03942288,-0.9991559,0.2091255,-0.06423962,-0.9757765,0.3751311,-0.2515834,-0.8921785,47.2674,53.33599,60.77208,58.43398,45.81116,18.36592,17.54312,17.22968,16.39513,14.56344,FALSE,TRUE,TRUE,TRUE,TRUE,
4,13.62716,93.20507,77.57413,179.4115,145.2682,164.1556,-33.32977,77.06033,24.76609,-46.89193,143.8772,-40.70395,-2.881201,138.8428,-55.62076,32.77049,127.6747,-46.34401,56.591,109.45,-19.87413,-33.15242,76.30215,24.87044,-47.30025,144.3108,-40.05899,-2.772283,137.4961,-55.78012,31.9536,126.6044,-46.57503,55.54917,109.1697,-20.66722,-0.1471753,-0.5482402,-0.8232692,-0.3316395,0.05545833,-0.9417747,-0.008005094,-0.03659698,-0.999298,0.1790263,-0.1192968,-0.9765848,0.3208787,-0.2835008,-0.9036947,47.2674,53.33599,60.77208,58.43398,45.81116,18.36592,17.54312,17.22968,16.39513,14.56344,FALSE,TRUE,TRUE,TRUE,TRUE,
4,13.64527,103.2629,88.76284,265.9536,259.7308,218.2571,-32.72726,79.14709,25.09948,-46.85459,142.0984,-40.69104,-2.828914,132.8998,-54.53473,29.27045,122.5843,-45.15184,52.40923,107.1085,-19.16288,-31.8502,77.30823,24.55294,-47.26008,142.4587,-40.44027,-2.792633,131.1889,-54.70314,28.05873,121.4463,-45.44984,51.02135,107.1742,-20.14502,-0.1296748,-0.5478818,-0.8264441,-0.3275201,-0.00190202,-0.9448423,-0.01192258,-0.1457879,-0.989244,0.1249658,-0.2094853,-0.9697935,0.2545916,-0.3238541,-0.9112089,47.2674,53.33599,60.77208,58.43398,45.81116,18.36592,17.54312,17.22968,16.39513,14.56344,FALSE,TRUE,TRUE,TRUE,TRUE,
4,13.66333,117.6719,102.2423,286.9088,373.7339,291.186,-32.88675,81.58222,25.94839,-46.95848,140.3701,-39.52553,-3.555704,127.7023,-52.35104,24.13468,115.8683,-42.65784,47.28527,103.7078,-17.50836,-31.28157,79.54762,24.68791,-47.24281,140.4353,-40.07657,-3.590559,125.6161,-52.41383,22.87269,114.5399,-42.94259,45.57824,103.6781,-18.43354,-0.1272316,-0.5397488,-0.8321558,-0.3282457,-0.05634217,-0.9429106,-0.02705737,-0.2323073,-0.972266,0.04988079,-0.3153189,-0.947674,0.166557,-0.3838522,-0.908249,47.2674,53.33599,60.77208,58.43398,45.81116,18.36592,17.54312,17.22968,16.39513,14.56344,FALSE,TRUE,TRUE,TRUE,TRUE,
4,13.68179,156.2985,136.8204,329.8537,437.4994,361.0389,-33.48324,84.36033,28.91446,-46.61316,139.3929,-36.14856,-5.008097,122.7389,-47.38046,19.10883,109.6823,-37.41027,41.30862,100.6484,-13.27954,-31.42552,82.05659,26.08685,-47.11229,139.1561,-38.60617,-5.277384,120.6304,-47.81768,17.8275,108.3356,-37.97949,39.41103,100.3307,-14.40259,-0.126836,-0.5341231,-0.835838,-0.3290592,-0.111306,-0.9377265,-0.06164169,-0.3267784,-0.9430887,-0.02569191,-0.4106227,-0.9114433,0.05886525,-0.4424236,-0.8948722,47.2674,53.33599,60.77208,58.43398,45.81116,18.36592,17.54312,17.22968,16.39513,14.56344,FALSE,TRUE,TRUE,TRUE,TRUE,
4,13.69222,161.1555,169.7507,331.6192,445.8793,363.152,-33.5525,85.33526,30.50198,-46.63601,138.2588,-33.98659,-5.977168,120.8303,-44.47668,16.48748,107.0749,-34.2433,38.4577,99.82336,-10.88026,-31.5211,83.13798,27.0831,-47.07666,138.4553,-37.58484,-6.322333,118.8028,-45.106,15.27837,105.6889,-34.85155,36.47749,99.30198,-11.92363,-0.1239285,-0.5288424,-0.8396234,-0.3305652,-0.1472005,-0.9322332,-0.08109669,-0.3664554,-0.9268947,-0.0644216,-0.4565219,-0.8873768,0.007881572,-0.4666472,-0.8844084,47.2674,53.33599,60.77208,58.43398,45.81116,18.36592,17.54312,17.22968,16.39513,14.56344,FALSE,TRUE,TRUE,TRUE,TRUE,
4,13.71436,404.9717,418.1309,343.9875,401.4882,235.5621,-26.64158,96.17966,25.33234,-40.90697,123.043,-8.299654,-18.49898,112.3514,-23.42541,-0.05929912,99.14424,-11.35153,26.97149,96.65955,3.19183,-29.57065,88.43552,26.69868,-46.047,138.1329,-34.75118,-8.602701,122.4954,-39.87846,10.37127,108.3877,-28.42623,35.19272,99.63391,-7.77428,-0.08778115,-0.3131496,-0.9456383,-0.3534986,-0.30588,-0.8840114,-0.1942229,-0.3273396,-0.9247304,-0.2297481,-0.4619841,-0.8566134,-0.07184901,-0.4904325,-0.8685123,47.2674,53.33599,60.77208,58.43398,45.81116,18.36592,17.54312,17.22968,16.39513,14.56344,FALSE,TRUE,TRUE,TRUE,TRUE,
4,13.71436,404.9717,418.1309,343.9875,401.4882,235.5621,-26.64158,96.17966,25.33234,-40.90697,123.043,-8.299654,-18.49898,112.3514,-23.42541,-0.05929912,99.14424,-11.35153,26.97149,96.65955,3.19183,-29.57065,88.43552,26.69868,-46.047,138.1329,-34.75118,-8.602701,122.4954,-39.87846,10.37127,108.3877,-28.42623,35.19272,99.63391,-7.77428,-0.08778115,-0.3131496,-0.9456383,-0.3534986,-0.30588,-0.8840114,-0.1942229,-0.3273396,-0.9247304,-0.2297481,-0.4619841,-0.8566134,-0.07184901,-0.4904325,-0.8685123,47.2674,53.33599,60.77208,58.43398,45.81116,18.36592,17.54312,17.22968,16.39513,14.56344,FALSE,TRUE,TRUE,TRUE,TRUE,
4,13.74696,241.344,406.4583,420.4152,332.4433,308.8428,-25.73853,100.0615,16.21498,-39.73826,117.7637,-13.40423,-23.39972,109.7722,-23.91891,-2.156757,102.0485,-17.83783,21.04158,97.14661,0.7813476,-27.21286,95.79802,20.31039,-43.49758,133.7719,-28.59681,-17.08387,118.7677,-31.74811,2.25272,107.2987,-22.63037,26.18472,98.96873,-2.792116,-0.03733935,-0.2550382,-0.9662098,-0.3156839,-0.6363295,-0.7038667,-0.3249556,-0.5796381,-0.7472775,-0.2906755,-0.5583336,-0.7770272,-0.2265873,-0.5990368,-0.7679929,47.2674,53.33599,60.77208,58.43398,45.81116,18.36592,17.54312,17.22968,16.39513,14.56344,FALSE,TRUE,TRUE,TRUE,TRUE,
4,13.76711,157.2176,300.4841,360.7415,190.6802,228.5783,-25.26475,98.68135,14.00055,-38.8294,115.7917,-16.85758,-22.70214,106.4284,-24.84771,-0.9073964,100.6811,-19.57931,20.93811,95.82449,0.2693646,-26.84708,96.25691,18.75012,-41.61543,127.3451,-24.53985,-20.02891,112.499,-28.65195,0.66004,103.6294,-21.6712,23.0808,96.70297,-1.331368,-0.01150675,-0.2746013,-0.9614893,-0.2901433,-0.6804707,-0.6728867,-0.329819,-0.6635216,-0.6715344,-0.2805293,-0.5976155,-0.7511052,-0.2581798,-0.6440535,-0.7200961,47.2674,53.33599,60.77208,58.43398,45.81116,18.36592,17.54312,17.22968,16.39513,14.56344,FALSE,TRUE,TRUE,TRUE,TRUE,
4,13.77693,135.4511,243.7029,284.3789,113.1844,188.8919,-25.12299,98.49783,13.14055,-38.67228,115.3417,-17.73393,-22.47491,105.918,-25.37522,-0.4658763,100.9567,-20.43595,20.5819,95.77744,0.06447071,-26.74168,96.32983,18.30306,-40.7429,124.0758,-22.94996,-20.83845,110.1163,-27.71936,0.6833152,103.0685,-22.03687,21.92527,96.12106,-0.9000184,-0.002733957,-0.2767339,-0.9609427,-0.2823316,-0.6935805,-0.662748,-0.3257779,-0.6783261,-0.6585913,-0.2722523,-0.5995706,-0.7525914,-0.2727897,-0.6557215,-0.7039994,47.2674,53.33599,60.77208,58.43398,45.81116,18.36592,17.54312,17.22968,16.39513,14.56344,FALSE,TRUE,TRUE,TRUE,TRUE,
2,13.79604,90.47012,166.9577,183.7203,44.62951,95.15672,-24.94777,98.36222,12.28137,-38.5116,114.6338,-18.2417,-22.26016,105.1697,-25.53037,-0.02771704,101.4175,-21.19876,20.61166,96.04656,-0.3538638,-26.62479,96.40106,17.78989,-39.55436,118.9687,-20.69478,-21.6899,106.9296,-26.5154,0.898705,102.8578,-22.70619,20.96044,95.86465,-0.7365531,0.00744658,-0.2777572,-0.9606224,-0.2748667,-0.7146891,-0.6431702,-0.3223961,-0.6967631,-0.6407667,-0.2685896,-0.6054859,-0.7491639,-0.2777462,-0.661736,-0.6963925,47.2674,53.33599,60.77208,58.43398,45.81116,18.36592,17.54312,17.22968,16.39513,14.56344,FALSE,FALSE,FALSE,TRUE,TRUE,
1,13.81525,62.23663,172.85,216.5313,73.94685,78.81138,-24.79002,98.36361,11.64465,-38.13605,112.7826,-17.47401,-22.59974,102.8084,-23.54679,-0.01927789,101.1786,-20.78854,20.10822,95.98611,0.01647567,-26.5542,96.43339,17.52112,-38.76438,115.0232,-18.8271,-22.31376,103.8976,-24.49542,0.5715148,102.1403,-21.96779,20.11506,95.74707,-0.2158931,0.01764977,-0.2801916,-0.9597818,-0.2682043,-0.7518147,-0.602363,-0.3330426,-0.7384528,-0.5863191,-0.2886175,-0.6390251,-0.7129845,-0.3043083,-0.6739828,-0.6731595,47.2674,53.33599,60.77208,58.43398,45.81116,18.36592,17.54312,17.22968,16.39513,14.56344,FALSE,FALSE,FALSE,TRUE,FALSE,
1,13.83411,52.79707,201.385,152.7851,77.34926,76.45483,-24.81908,98.73132,10.96074,-37.82191,110.0723,-15.20928,-22.83017,101.694,-22.43835,-0.3225613,101.0615,-20.20919,19.23821,96.17415,0.4651687,-26.52193,96.45499,17.37916,-38.29872,111.4089,-16.32152,-22.89659,101.7146,-22.55359,-0.127613,101.3749,-20.77768,18.96557,95.7989,0.4943487,0.02453599,-0.2801475,-0.9596434,-0.263901,-0.7998438,-0.5390789,-0.3399632,-0.7570294,-0.5579709,-0.3088893,-0.6644852,-0.6804754,-0.3379454,-0.6824694,-0.648096,47.2674,53.33599,60.77208,58.43398,45.81116,18.36592,17.54312,17.22968,16.39513,14.56344,FALSE,FALSE,FALSE,TRUE,FALSE,
0,13.84362,82.17795,120.633,103.6107,129.7178,85.7207,-25.10208,100.1267,10.12242,-37.85292,111.112,-15.18493,-23.29455,102.6517,-22.27693,-1.601641,101.2017,-19.09597,18.36993,96.99166,0.2577359,-26.50951,96.48438,17.29716,-38.19203,110.826,-15.61695,-23.21152,101.5753,-22.03786,-1.029104,101.0413,-19.79441,18.09509,96.31865,0.6016978,0.02692942,-0.2714607,-0.9620727,-0.2727084,-0.8007863,-0.5332649,-0.3539352,-0.7566812,-0.5496939,-0.3416214,-0.6833846,-0.6451979,-0.3630586,-0.6755885,-0.641692,47.2674,53.33599,60.77208,58.43398,45.81116,18.36592,17.54312,17.22968,16.39513,14.56344,FALSE,FALSE,FALSE,FALSE,FALSE,
0,13.853,86.98857,66.11974,85.40089,187.9214,123.7365,-25.0771,100.9195,9.609029,-37.8273,111.9953,-15.28651,-23.68635,103.1506,-21.9198,-3.229079,100.341,-17.02013,16.90099,97.29404,0.9068073,-26.49224,96.53053,17.19259,-38.13335,110.7434,-15.27077,-23.52019,101.6352,-21.62313,-2.153216,100.4461,-18.44977,16.63979,96.67366,1.18158,0.03656778,-0.2697745,-0.962229,-0.2800508,-0.7990235,-0.5321025,-0.3658067,-0.7576373,-0.5405287,-0.3725535,-0.7047254,-0.603793,-0.403867,-0.6764335,-0.6158971,47.2674,53.33599,60.77208,58.43398,45.81116,18.36592,17.54312,17.22968,16.39513,14.56344,FALSE,FALSE,FALSE,FALSE,FALSE,
0,13.8813,101.8863,75.09081,103.468,234.2909,117.4189,-25.02407,103.8618,8.872755,-37.5202,115.7768,-15.49511,-25.14644,104.5647,-19.67233,-6.952762,99.19101,-12.19495,14.37407,98.0476,1.981634,-26.30906,97.27785,16.23413,-37.86618,113.0478,-14.73743,-24.69101,102.2228,-19.9524,-5.565794,98.91051,-14.06938,13.00201,97.63606,2.838475,0.04656686,-0.253577,-0.9661937,-0.316133,-0.7770089,-0.5443502,-0.4172078,-0.7531902,-0.5085688,-0.4544273,-0.7250859,-0.5174421,-0.4768984,-0.6511829,-0.5903632,47.2674,53.33599,60.77208,58.43398,45.81116,18.36592,17.54312,17.22968,16.39513,14.56344,FALSE,FALSE,FALSE,FALSE,FALSE,
0,13.90003,116.3215,79.64896,149.8638,214.6714,191.4285,-24.24506,105.5548,8.544256,-37.32325,117.3223,-15.52178,-26.52917,104.0839,-16.99015,-8.973269,98.3619,-9.47398,11.0098,97.85395,4.631174,-26.06626,98.08646,15.3927,-37.7205,114.3871,-14.61274,-25.33845,102.3899,-18.93363,-7.026502,98.28571,-12.131,10.2396,97.49352,4.940351,0.05920164,-0.2383263,-0.9693791,-0.3322954,-0.7676135,-0.5480413,-0.4486835,-0.7622483,-0.4665411,-0.4905027,-0.7305247,-0.4751218,-0.5524103,-0.6467492,-0.5258881,47.2674,53.33599,60.77208,58.43398,45.81116,18.36592,17.54312,17.22968,16.39513,14.56344,FALSE,FALSE,FALSE,FALSE,FALSE,
0,13.90932,114.9191,62.96655,198.3887,288.1763,202.2306,-23.82255,106.1348,8.536904,-37.32145,117.4638,-15.43372,-27.71529,102.7286,-14.55976,-11.05129,96.56404,-5.968339,9.361586,97.30103,5.974113,-25.84212,98.68938,14.86718,-37.66999,114.9321,-14.55526,-25.74731,102.2321,-18.18643,-7.848619,97.80843,-10.92541,8.684885,97.17899,6.231848,0.06383549,-0.232847,-0.9704161,-0.341707,-0.7658699,-0.544683,-0.4689837,-0.7730765,-0.4270913,-0.5210978,-0.7437814,-0.4186242,-0.5815066,-0.6432586,-0.4980647,47.2674,53.33599,60.77208,58.43398,45.81116,18.36592,17.54312,17.22968,16.39513,14.56344,FALSE,FALSE,FALSE,FALSE,FALSE,
0,13.92792,108.6092,106.4873,207.4628,327.4202,268.6275,-23.44745,107.6604,8.957139,-39.48934,117.4993,-12.93709,-30.92161,102.7103,-11.57281,-15.70465,95.41048,-0.7263336,4.258781,97.57298,8.972226,-25.18354,100.2633,13.74302,-38.13995,115.2263,-13.73966,-26.72238,101.9365,-16.6437,-9.695619,96.90448,-8.29992,4.684036,96.99196,9.148332,0.08225967,-0.2268188,-0.9704569,-0.3667601,-0.7803702,-0.5064675,-0.4989441,-0.7759683,-0.3859119,-0.567858,-0.7541382,-0.329868,-0.6534799,-0.6336484,-0.4140697,47.2674,53.33599,60.77208,58.43398,45.81116,18.36592,17.54312,17.22968,16.39513,14.56344,FALSE,FALSE,FALSE,FALSE,FALSE,
0,13.94657,89.26891,173.3892,195.6826,313.1167,259.4422,-22.6992,108.483,10.11089,-42.53857,118.1189,-9.735441,-34.28122,104.425,-10.09484,-20.12402,95.54023,3.082908,-0.3351777,98.44383,10.92046,-24.26411,101.9826,12.88855,-39.27168,115.5607,-12.41474,-28.36693,102.0922,-14.91763,-11.98348,96.33308,-5.562479,0.1500099,97.63911,11.57813,0.1181882,-0.2408961,-0.9633279,-0.3951052,-0.7877466,-0.4725962,-0.5248928,-0.7636694,-0.3758942,-0.6028443,-0.7517384,-0.2673353,-0.7027771,-0.6169978,-0.3541441,47.2674,53.33599,60.77208,58.43398,45.81116,18.36592,17.54312,17.22968,16.39513,14.56344,FALSE,FALSE,FALSE,FALSE,FALSE,
0,13.96554,67.03036,204.2655,179.1178,239.2707,203.6377,-22.52794,108.5401,11.38457,-45.01675,117.7671,-6.113441,-36.97327,105.5206,-8.667721,-22.94829,95.86432,4.94329,-3.218941,98.89644,11.89334,-23.55552,103.1208,12.57697,-40.40918,115.7142,-10.95191,-30.85665,102.6308,-12.73361,-14.38794,95.98211,-2.991557,-3.266915,98.22054,13.04274,0.1344473,-0.2534165,-0.9579687,-0.4161243,-0.7999464,-0.4323498,-0.5449417,-0.7531977,-0.3684179,-0.6217336,-0.7444745,-0.2433209,-0.7281551,-0.6039332,-0.3241218,47.2674,53.33599,60.77208,58.43398,45.81116,18.36592,17.54312,17.22968,16.39513,14.56344,FALSE,FALSE,FALSE,FALSE,FALSE,
0,13.97514,58.12468,210.0334,171.0059,215.4904,188.4711,-23.03862,108.8128,11.83793,-46.10763,117.626,-4.279927,-38.20188,106.1475,-8.028341,-24.25643,96.06326,5.860993,-4.610974,99.14159,12.49057,-23.40381,103.4549,12.543,-40.90788,115.7318,-10.24159,-32.40247,103.0616,-11.50144,-15.63813,95.86389,-1.732599,-4.764697,98.48015,13.68498,0.1299202,-0.2531511,-0.9586633,-0.4254479,-0.8060828,-0.4113691,-0.5546131,-0.7474218,-0.3657389,-0.6306247,-0.7406039,-0.2319877,-0.7408328,-0.5973902,-0.3070696,47.2674,53.33599,60.77208,58.43398,45.81116,18.36592,17.54312,17.22968,16.39513,14.56344,FALSE,FALSE,FALSE,FALSE,FALSE,
0,13.99526,64.72896,206.7361,156.4519,176.8078,174.1116,-24.20174,108.5105,13.01528,-48.26054,116.8308,-0.7795479,-40.81609,106.5714,-6.57235,-26.95011,95.9318,7.360012,-7.656412,98.62934,14.07935,-23.30297,103.8322,12.5783,-41.79152,115.692,-8.92602,-36.06387,104.0353,-8.816557,-18.45442,95.64656,0.8702414,-7.830053,98.39011,15.20828,0.1217243,-0.2688168,-0.9554688,-0.4519272,-0.8145017,-0.3637977,-0.5820902,-0.7332739,-0.3513978,-0.6549419,-0.725463,-0.2115526,-0.770321,-0.5786745,-0.2678459,47.2674,53.33599,60.77208,58.43398,45.81116,18.36592,17.54312,17.22968,16.39513,14.56344,FALSE,FALSE,FALSE,FALSE,FALSE,
0,14.01648,64.84549,156.8508,116.2657,124.211,130.8381,-24.32861,107.8194,14.17941,-49.51487,116.2282,1.376868,-42.40749,106.7009,-5.648834,-28.5783,95.79663,8.162763,-9.560741,98.18684,15.16288,-23.27739,104.0026,12.66013,-42.46858,115.6124,-7.890135,-39.55788,104.8252,-6.424853,-21.46855,95.42543,3.414276,-10.08262,97.99713,16.45922,0.1355016,-0.2937473,-0.9462304,-0.4681372,-0.8178909,-0.3345176,-0.5994581,-0.7237558,-0.3418004,-0.6703012,-0.7142411,-0.201385,-0.7877169,-0.5654438,-0.2444901,47.2674,53.33599,60.77208,58.43398,45.81116,18.36592,17.54312,17.22968,16.39513,14.56344,FALSE,FALSE,FALSE,FALSE,FALSE,
0,14.02724,62.67059,122.2949,568.5693,96.71857,95.84666,-23.83924,107.4753,14.66942,-49.68751,116.0615,1.922675,-40.2569,103.7659,18.1801,-28.90734,95.74314,8.504316,-9.837408,98.20452,15.25999,-23.26128,104.0433,12.69983,-42.71141,115.5792,-7.507224,-40.51495,104.048,-2.112947,-22.80248,95.32866,4.531441,-10.6504,97.937,16.72748,0.1511727,-0.3072771,-0.9395359,-0.4701472,-0.8199956,-0.3264487,-0.5961514,-0.8027695,-0.01283501,-0.6730168,-0.7127947,-0.1974134,-0.7899544,-0.5631155,-0.2426375,47.2674,53.33599,60.77208,58.43398,45.81116,18.36592,17.54312,17.22968,16.39513,14.56344,FALSE,FALSE,FALSE,FALSE,FALSE,
0,14.04983,58.69015,70.29012,609.5887,52.98465,52.96837,-22.85061,106.9833,15.50144,-49.9899,116.0313,2.632733,-39.20653,102.3093,31.53391,-29.35123,95.9304,8.63111,-10.33025,98.30067,15.41305,-23.21695,104.0964,12.77965,-43.05855,115.5324,-6.950594,-40.82182,103.2969,4.050737,-25.10136,95.21497,6.390803,-11.31909,97.96688,16.97342,0.1774662,-0.3280372,-0.9278455,-0.4748102,-0.820927,-0.3172288,-0.5217108,-0.8008198,0.2941181,-0.6776652,-0.7086732,-0.1963471,-0.7944745,-0.5583563,-0.2388483,47.2674,53.33599,60.77208,58.43398,45.81116,18.36592,17.54312,17.22968,16.39513,14.56344,FALSE,FALSE,FALSE,FALSE,FALSE,
0,14.06825,46.84415,54.16666,406.8336,49.93565,43.11763,-22.43696,107.097,16.03456,-50.51636,117.0112,2.878946,-39.51834,102.8328,33.152,-30.11098,96.6495,8.574267,-11.05051,98.74484,15.21111,-23.18171,104.1287,12.83866,-43.30221,115.5298,-6.576627,-40.79463,103.1694,6.325377,-26.8136,95.34109,7.579731,-11.90138,98.31991,16.75089,0.1887708,-0.3405574,-0.9210789,-0.4873678,-0.8135031,-0.3173096,-0.5000963,-0.7839912,0.367779,-0.688004,-0.6989043,-0.1954056,-0.8021821,-0.5467798,-0.239866,47.2674,53.33599,60.77208,58.43398,45.81116,18.36592,17.54312,17.22968,16.39513,14.56344,FALSE,FALSE,FALSE,FALSE,FALSE,
0,14.07735,37.02287,52.07708,310.3596,49.5724,41.9584,-22.36659,107.271,16.15476,-50.74181,117.5112,2.915258,-39.69776,103.1507,33.3973,-30.45932,96.99154,8.436047,-11.37941,98.9735,15.06117,-23.16782,104.1423,12.86237,-43.46961,115.5473,-6.333273,-40.78587,103.1542,6.924265,-27.62651,95.50562,8.013863,-12.18287,98.54536,16.54173,0.1903913,-0.3431408,-0.9197856,-0.4934788,-0.8085928,-0.3204003,-0.4984703,-0.7799123,0.3785025,-0.6924835,-0.6931721,-0.1999474,-0.8055019,-0.5411407,-0.2415231,47.2674,53.33599,60.77208,58.43398,45.81116,18.36592,17.54312,17.22968,16.39513,14.56344,FALSE,FALSE,FALSE,FALSE,FALSE,
0,14.09543,61.7658,73.90832,136.5356,72.83617,66.70353,-20.76188,108.0487,15.39842,-50.31691,118.7903,1.150959,-39.45528,104.1606,32.04217,-30.00365,98.27467,6.814081,-11.01521,100.344,13.64209,-23.10569,104.1928,12.92437,-43.91747,115.6652,-5.757131,-40.77094,103.1568,7.616892,-28.71202,96.0246,8.256095,-12.20307,99.40137,15.60892,0.2249986,-0.3481391,-0.9100411,-0.4860462,-0.8054297,-0.3391787,-0.4920115,-0.7837891,0.378945,-0.686071,-0.695105,-0.214792,-0.799236,-0.5437788,-0.2559813,47.2674,53.33599,60.77208,58.43398,45.81116,18.36592,17.54312,17.22968,16.39513,14.56344,FALSE,FALSE,FALSE,FALSE,FALSE,
0,14.11351,115.4884,158.2011,51.07351,125.9215,111.3987,-19.73418,106.2048,12.09196,-49.36707,115.7228,-3.165733,-38.84972,102.4214,28.63721,-28.81434,95.80392,3.711417,-9.999528,98.55738,10.77983,-22.98932,104.2582,12.94932,-44.19743,115.7146,-5.499208,-40.71711,103.14,8.44498,-28.9293,96.16181,7.752784,-11.66539,99.44662,14.14541,0.2535606,-0.3754438,-0.8914869,-0.4626147,-0.8268327,-0.319899,-0.4812508,-0.7781264,0.4036299,-0.667402,-0.7162904,-0.203722,-0.7825261,-0.5689474,-0.2528869,47.2674,53.33599,60.77208,58.43398,45.81116,18.36592,17.54312,17.22968,16.39513,14.56344,FALSE,FALSE,FALSE,FALSE,FALSE,
0,14.13165,440.9109,509.6197,591.7433,452.7966,352.5631,-13.17839,110.5358,1.541579,-33.68813,107.6887,5.431293,-27.83171,98.27484,8.572022,-13.56404,96.85341,9.506567,2.568554,103.575,14.91955,-22.94277,104.2709,12.92635,-43.82028,115.1818,-5.237687,-40.3964,102.8671,8.705636,-26.95817,95.88152,7.101006,-8.672007,100.2111,13.04704,0.3226603,-0.119844,-0.9388971,-0.1378054,-0.9655979,-0.2205229,-0.2973245,-0.9504277,0.09102451,-0.4410571,-0.8852841,-0.147447,-0.6157841,-0.768082,-0.1756702,47.2674,53.33599,60.77208,58.43398,45.81116,18.36592,17.54312,17.22968,16.39513,14.56344,FALSE,FALSE,FALSE,FALSE,FALSE,
0,14.14965,397.9043,636.4027,478.8993,465.6254,321.2705,-11.23844,101.9117,-3.898936,-27.85878,96.29556,11.55382,-22.29832,88.45712,13.44169,-9.459249,87.96204,15.34032,5.867513,98.27148,18.65579,-22.69576,104.278,12.56205,-39.60366,109.5512,-1.891433,-37.99458,100.9544,9.491965,-19.78288,92.75023,8.559525,-2.08352,99.7703,14.44391,0.2904181,-0.1772096,-0.9403479,0.04767556,-0.9895487,0.1360898,-0.1519755,-0.9396392,0.3065642,-0.3213624,-0.9343934,0.1537371,-0.4806317,-0.8621624,0.1602164,47.2674,53.33599,60.77208,58.43398,45.81116,18.36592,17.54312,17.22968,16.39513,14.56344,FALSE,FALSE,FALSE,FALSE,FALSE,
0,14.16774,593.1301,506.0229,407.9234,464.9579,424.104,-19.81393,85.92322,-6.423398,-35.45823,87.45167,13.30746,-32.3438,79.27185,13.63499,-19.84524,76.52261,17.22862,-2.595702,83.95496,16.96839,-22.29833,102.8511,10.9966,-37.24567,100.0812,4.229469,-35.71196,94.99305,11.43838,-18.8559,84.24685,13.16501,-2.222876,90.55771,16.38541,0.1981706,-0.4321029,-0.8797815,-0.1005491,-0.8799654,0.4642746,-0.322265,-0.7992417,0.5073045,-0.4809833,-0.7661263,0.4262693,-0.6141722,-0.6810405,0.3987184,47.2674,53.33599,60.77208,58.43398,45.81116,18.36592,17.54312,17.22968,16.39513,14.56344,FALSE,FALSE,FALSE,FALSE,FALSE,
0,14.17679,666.9633,398.0652,427.5245,441.6655,498.6043,-26.35664,81.92108,-10.83869,-39.42027,85.83544,11.11333,-37.37845,77.30972,10.65228,-24.91031,73.67165,13.2813,-7.276909,79.52805,10.98505,-22.77003,100.4582,8.554042,-37.97895,95.65489,6.317852,-36.05185,91.10063,11.72167,-21.59291,79.57748,13.14098,-5.31265,85.06878,13.62269,0.0852941,-0.4854413,-0.8700987,-0.1110973,-0.8285661,0.5487582,-0.3396452,-0.7444938,0.5747783,-0.5004503,-0.6996976,0.5098752,-0.6307788,-0.6101487,0.4794128,47.2674,53.33599,60.77208,58.43398,45.81116,18.36592,17.54312,17.22968,16.39513,14.56344,FALSE,FALSE,FALSE,FALSE,FALSE,
0,14.19486,762.231,542.1309,703.4954,652.0638,717.827,-23.77613,81.10854,-31.34052,-37.0569,82.03273,-8.94596,-34.80138,73.63285,-10.55569,-22.31546,70.29172,-8.978648,-5.108915,76.85275,-10.28523,-23.28436,96.07528,1.190106,-38.01182,89.31169,1.538362,-36.02412,85.70499,7.156872,-22.96895,74.19019,3.346717,-6.440919,79.78625,1.644662,0.1249724,-0.3730983,-0.9193364,-0.08136395,-0.8839468,0.460454,-0.3210025,-0.818182,0.4770069,-0.4852449,-0.7745563,0.4057091,-0.6206688,-0.694231,0.3644359,47.2674,53.33599,60.77208,58.43398,45.81116,18.36592,17.54312,17.22968,16.39513,14.56344,FALSE,FALSE,FALSE,FALSE,FALSE,
0,14.21292,743.6395,935.7645,1232.174,1174.917,851.8364,-43.15581,77.29633,11.34115,-37.08911,132.8236,-47.3821,-7.058279,120.1644,-60.30622,23.36845,105.7644,-51.92735,41.91075,87.34557,-25.20366,-25.4859,91.33871,0.8537136,-38.41331,87.74947,-3.744653,-33.90419,83.70143,-0.8549995,-19.87474,72.58243,-3.617514,3.881786,77.64909,-6.759068,-0.07585467,-0.4191948,-0.904722,-0.1956202,-0.817594,-0.5415466,-0.2468394,-0.8465844,-0.4715562,-0.2378625,-0.8496679,-0.4706229,-0.3538316,-0.8417271,-0.4077973,47.2674,53.33599,60.77208,58.43398,45.81116,18.36592,17.54312,17.22968,16.39513,14.56344,FALSE,FALSE,FALSE,FALSE,FALSE,
3,14.23101,725.431,802.1578,1139.255,1171.831,946.456,-39.44147,72.09482,22.54639,-39.11129,128.2547,-43.28971,-4.386896,121.8545,-56.88671,31.14387,109.5378,-47.19083,52.17535,90.94382,-19.30347,-27.18312,87.87708,3.819544,-38.30616,91.1725,-11.28922,-30.45789,85.51663,-8.13123,-4.70613,78.96951,-17.84234,23.52561,80.65656,-12.47355,-0.1414604,-0.4552097,-0.8790751,-0.2184571,-0.4866954,-0.8458156,-0.1212992,-0.5685928,-0.8136269,-0.007447408,-0.640484,-0.7679355,-0.02688115,-0.7585285,-0.6510853,47.2674,53.33599,60.77208,58.43398,45.81116,18.36592,17.54312,17.22968,16.39513,14.56344,FALSE,TRUE,TRUE,TRUE,FALSE,
4,14.24915,458.6656,679.3743,943.1722,959.0807,784.174,-39.1411,71.11292,24.56189,-40.78915,128.673,-41.78119,-3.011138,125.3026,-56.33939,34.21004,113.2236,-46.19441,56.30787,93.28867,-18.1244,-28.40764,85.78931,6.144106,-38.64537,97.8226,-18.79318,-25.93324,90.47832,-16.59773,10.1593,89.59562,-29.52799,41.40987,86.42233,-15.99999,-0.1717046,-0.456427,-0.873036,-0.2645867,-0.2743334,-0.9245188,-0.07536978,-0.351447,-0.933169,0.09742665,-0.4671731,-0.8787817,0.1465887,-0.6573519,-0.7391889,47.2674,53.33599,60.77208,58.43398,45.81116,18.36592,17.54312,17.22968,16.39513,14.56344,FALSE,TRUE,TRUE,TRUE,TRUE,
4,14.26712,269.4411,510.604,710.4184,731.4221,604.7628,-39.11087,70.5126,25.14895,-42.09034,129.9353,-41.03337,-1.9914,128.1683,-56.30483,36.49228,116.7309,-46.25307,59.54326,95.31386,-17.81875,-29.25595,84.40596,7.739732,-39.73205,107.5778,-26.70671,-20.07153,98.72411,-26.78064,22.65443,101.2638,-38.09626,53.26688,91.90805,-17.60889,-0.1851032,-0.4548161,-0.8711367,-0.3034439,-0.1486777,-0.9411784,-0.05090216,-0.2126504,-0.9758016,0.1591731,-0.3401749,-0.9267928,0.2539811,-0.5787873,-0.7749186,47.2674,53.33599,60.77208,58.43398,45.81116,18.36592,17.54312,17.22968,16.39513,14.56344,FALSE,TRUE,TRUE,TRUE,TRUE,
4,14.2762,212.859,434.1896,607.9146,626.1679,529.0176,-39.23148,70.02946,25.41418,-42.52404,130.5685,-40.62294,-1.421374,129.6371,-56.18449,37.56321,118.0977,-46.17355,61.18484,96.16716,-17.56695,-29.62127,83.82372,8.407501,-40.54306,113.1207,-30.3743,-16.67256,104.0776,-32.31678,27.76007,106.6979,-41.09216,57.44471,94.16393,-17.81513,-0.1922914,-0.4529147,-0.8705701,-0.3191815,-0.09814429,-0.9425979,-0.04156563,-0.1540394,-0.98719,0.1821954,-0.2865227,-0.94059,0.2971196,-0.54196,-0.7861293,47.2674,53.33599,60.77208,58.43398,45.81116,18.36592,17.54312,17.22968,16.39513,14.56344,FALSE,TRUE,TRUE,TRUE,TRUE,
4,14.29427,146.368,309.7885,462.6781,453.2083,420.5066,-41.2093,68.53988,24.36946,-42.60633,132.4416,-40.02962,0.2816945,132.895,-55.37513,39.39701,120.415,-45.32315,64.50728,98.39541,-16.74625,-30.80986,82.12044,10.12252,-41.97354,123.4686,-35.87825,-9.406277,116.3311,-42.61065,35.29904,115.5862,-44.2278,63.74428,97.79968,-17.17966,-0.2046836,-0.4244574,-0.8820094,-0.3237546,-0.006113384,-0.9461213,-0.01188173,-0.03256534,-0.999399,0.2228457,-0.1731305,-0.9593569,0.3882543,-0.4379715,-0.8108265,47.2674,53.33599,60.77208,58.43398,45.81116,18.36592,17.54312,17.22968,16.39513,14.56344,FALSE,TRUE,TRUE,TRUE,TRUE,
4,14.31237,114.5435,210.5465,361.6976,341.5075,330.7578,-42.66546,68.39859,24.5637,-42.5564,133.6856,-39.85661,1.849599,135.7767,-54.95766,40.8574,122.7197,-45.00351,67.18018,100.7504,-16.18372,-33.1599,79.24116,12.95944,-42.70684,130.5856,-38.71852,-2.836451,127.8728,-49.90286,39.75397,121.7237,-45.09795,67.60867,101.1871,-16.57477,-0.2206659,-0.4193598,-0.8805929,-0.3247752,0.04222267,-0.9448483,0.01284977,0.0520997,-0.9985592,0.2515779,-0.09067028,-0.9635805,0.4480332,-0.3515183,-0.8220104,47.2674,53.33599,60.77208,58.43398,45.81116,18.36592,17.54312,17.22968,16.39513,14.56344,FALSE,TRUE,TRUE,TRUE,TRUE,
4,14.33043,88.85262,155.8386,290.1934,283.1636,262.6556,-43.42079,68.58414,25.26116,-42.3977,134.8298,-39.86855,3.158788,138.7307,-54.67994,42.32889,125.6971,-44.85779,69.25705,102.9853,-15.94877,-36.19571,75.98773,16.44193,-42.77573,134.4884,-39.73811,1.579139,136.5012,-53.33749,42.48557,126.4409,-45.06575,70.20875,104.3127,-16.22889,-0.2375168,-0.4259308,-0.8730227,-0.3248671,0.07875399,-0.942475,0.02868663,0.1156514,-0.9928755,0.275318,-0.02245898,-0.9610909,0.489396,-0.2872971,-0.8233784,47.2674,53.33599,60.77208,58.43398,45.81116,18.36592,17.54312,17.22968,16.39513,14.56344,FALSE,TRUE,TRUE,TRUE,TRUE,
4,14.34851,74.42381,153.9963,202.1579,201.9352,186.8599,-44.06984,68.44811,25.81123,-41.89028,136.9364,-39.95924,4.405314,140.0941,-54.68003,43.76971,127.1067,-44.73554,70.80589,103.8667,-15.71569,-39.04073,73.24239,19.60585,-42.26523,137.8039,-40.00571,4.132211,140.9693,-54.41276,44.26022,128.9537,-44.86992,71.89744,105.6575,-15.95938,-0.2514176,-0.4346198,-0.8648092,-0.3195058,0.1390924,-0.9373203,0.04168665,0.1517355,-0.9875417,0.2921215,0.01624384,-0.9562433,0.5158126,-0.2497402,-0.819492,47.2674,53.33599,60.77208,58.43398,45.81116,18.36592,17.54312,17.22968,16.39513,14.56344,FALSE,TRUE,TRUE,TRUE,TRUE,
4,14.36662,56.92919,145.0724,162.3069,149.1596,130.5233,-44.28314,68.40016,26.59897,-41.11679,138.8451,-40.10178,5.771747,141.5474,-54.72507,45.29142,127.8635,-44.76749,72.23359,103.9433,-15.5795,-40.90652,71.55736,21.78211,-41.36367,140.4504,-40.0965,5.892197,143.4102,-54.59674,45.89968,130.0744,-44.77757,73.35636,105.8898,-15.75208,-0.2595557,-0.4492882,-0.8548514,-0.3134678,0.1894235,-0.9305142,0.05375028,0.1901128,-0.9802898,0.3076271,0.04472673,-0.9504552,0.5354311,-0.2291278,-0.8129047,47.2674,53.33599,60.77208,58.43398,45.81116,18.36592,17.54312,17.22968,16.39513,14.56344,FALSE,TRUE,TRUE,TRUE,TRUE,
4,14.37567,50.68631,132.1017,159.2508,134.1242,114.0661,-44.41744,68.3732,26.89318,-40.7866,139.6106,-40.18445,6.434977,142.631,-54.6243,46.0233,128.3026,-44.74704,72.87881,104.0687,-15.51578,-41.48915,71.04369,22.50115,-40.94604,141.4578,-40.13367,6.64984,144.6435,-54.49802,46.69059,130.5663,-44.7168,74.01119,106.0351,-15.66207,-0.2630535,-0.4554591,-0.8505057,-0.3107187,0.2084353,-0.9273665,0.06042586,0.2140525,-0.9749514,0.3158676,0.0592717,-0.9469501,0.5450283,-0.2174265,-0.8097345,47.2674,53.33599,60.77208,58.43398,45.81116,18.36592,17.54312,17.22968,16.39513,14.56344,FALSE,TRUE,TRUE,TRUE,TRUE,
4,14.39371,48.46674,94.84561,128.9388,97.16543,94.62941,-44.99385,68.06804,27.35983,-40.17871,140.4665,-40.36402,7.567842,144.1185,-54.40443,47.18775,128.7045,-44.64909,74.13889,104.5381,-15.28008,-42.4778,70.25777,23.62516,-40.203,142.6219,-40.23448,7.913811,146.5314,-54.1604,47.93166,131.1073,-44.52987,75.27544,106.6222,-15.37633,-0.2724706,-0.4651193,-0.842273,-0.3035034,0.2362669,-0.9230729,0.0731949,0.2519187,-0.9649764,0.3294692,0.08224449,-0.9405774,0.5669469,-0.1852232,-0.8026603,47.2674,53.33599,60.77208,58.43398,45.81116,18.36592,17.54312,17.22968,16.39513,14.56344,FALSE,TRUE,TRUE,TRUE,TRUE,
4,14.41177,54.06339,67.25856,76.26503,72.5541,72.12962,-45.8639,67.56223,27.60368,-39.50741,140.737,-40.91356,8.512165,143.838,-54.84119,48.28613,128.3168,-44.85949,75.17705,104.0456,-15.22577,-43.50412,69.49173,24.5849,-39.44032,142.9502,-40.69571,8.922895,146.3676,-54.47333,49.05004,130.6935,-44.66959,76.30025,106.1234,-15.25463,-0.2813599,-0.4776768,-0.8322629,-0.295675,0.2578477,-0.9198319,0.08295422,0.2658212,-0.9604466,0.3421921,0.09754151,-0.9345535,0.5839616,-0.1688806,-0.7940202,47.2674,53.33599,60.77208,58.43398,45.81116,18.36592,17.54312,17.22968,16.39513,14.56344,FALSE,TRUE,TRUE,TRUE,TRUE,
4,14.42987,62.43594,56.25941,57.98987,62.26147,61.67556,-46.92763,67.51031,27.95739,-39.16652,141.5433,-40.92456,9.086039,144.3702,-54.8485,49.04963,129.1189,-44.76401,76.03343,104.6583,-15.1094,-44.81572,68.78371,25.50281,-39.02096,143.6708,-40.72222,9.559633,146.7077,-54.50983,49.81568,131.3922,-44.55021,77.12189,106.6716,-15.10225,-0.2940086,-0.4845604,-0.823869,-0.2917144,0.2778619,-0.915257,0.0896209,0.2823313,-0.9551215,0.3511358,0.1193862,-0.9286822,0.5980824,-0.1454857,-0.7881188,47.2674,53.33599,60.77208,58.43398,45.81116,18.36592,17.54312,17.22968,16.39513,14.56344,FALSE,TRUE,TRUE,TRUE,TRUE,
4,14.44793,48.51942,38.71319,36.1712,43.17953,47.15133,-47.27038,66.96549,28.31194,-38.85977,141.7538,-41.11253,9.466653,143.9626,-55.24098,49.60735,128.9812,-45.06936,76.73885,104.7043,-15.29773,-46.07607,68.12957,26.30838,-38.69235,143.9434,-40.84136,9.941803,146.3059,-54.83564,50.33409,131.2261,-44.80378,77.74685,106.6876,-15.25481,-0.299644,-0.4955893,-0.8152329,-0.2892979,0.2953181,-0.9105459,0.09231052,0.2883736,-0.9530579,0.3556965,0.1285098,-0.9257241,0.6061082,-0.1330165,-0.7841808,47.2674,53.33599,60.77208,58.43398,45.81116,18.36592,17.54312,17.22968,16.39513,14.56344,FALSE,TRUE,TRUE,TRUE,TRUE,
4,14.46599,42.10182,29.32081,29.76162,37.203,37.54379,-47.86531,66.97822,28.62035,-38.71605,142.1519,-41.32333,9.730515,143.7884,-55.58284,50.11468,129.3816,-45.17113,77.22693,104.9736,-15.36064,-47.05743,67.62553,26.9462,-38.55205,144.1909,-41.02913,10.17473,145.9398,-55.19661,50.82632,131.5106,-44.89967,78.19489,106.8801,-15.3085,-0.3052193,-0.5042328,-0.8078308,-0.2873959,0.3057754,-0.9076921,0.0955878,0.2918414,-0.9516783,0.3624196,0.1413994,-0.9212265,0.6144937,-0.1206287,-0.7796449,47.2674,53.33599,60.77208,58.43398,45.81116,18.36592,17.54312,17.22968,16.39513,14.56344,FALSE,TRUE,TRUE,TRUE,TRUE,
4,14.47505,33.33617,22.63609,30.99186,31.84802,33.58714,-47.84433,66.80298,28.77638,-38.65607,142.1476,-41.4549,9.827611,143.5633,-55.83289,50.28467,129.2512,-45.40997,77.47202,104.9294,-15.5516,-47.39567,67.41967,27.19865,-38.5046,144.1922,-41.12831,10.25455,145.7247,-55.40337,50.97047,131.3544,-45.11791,78.40501,106.8027,-15.48464,-0.3062765,-0.5094582,-0.8041437,-0.2878176,0.310171,-0.9060656,0.09572509,0.2932519,-0.9512308,0.3631173,0.1434362,-0.9206367,0.6165735,-0.1174148,-0.7784927,47.2674,53.33599,60.77208,58.43398,45.81116,18.36592,17.54312,17.22968,16.39513,14.56344,FALSE,TRUE,TRUE,TRUE,TRUE,
4,14.49319,29.15896,20.01494,43.01244,35.21237,32.93773,-48.09967,67.00958,29.29823,-38.6084,141.8358,-41.93385,9.910089,142.8835,-56.57308,50.57291,128.8052,-46.09265,77.90421,104.7366,-16.08871,-47.85004,67.20531,27.60459,-38.47437,143.9472,-41.43543,10.31769,145.1378,-55.98703,51.20788,130.8939,-45.71306,78.78055,106.5617,-15.97826,-0.3120781,-0.5218747,-0.7938854,-0.2908615,0.3070954,-0.9061413,0.09354255,0.2889146,-0.9527739,0.3634694,0.1426597,-0.9206184,0.6198182,-0.1142867,-0.7763788,47.2674,53.33599,60.77208,58.43398,45.81116,18.36592,17.54312,17.22968,16.39513,14.56344,FALSE,TRUE,TRUE,TRUE,TRUE,
4,14.51346,21.8035,21.18227,40.88938,35.5093,30.88707,-48.2551,67.17557,29.60448,-38.56686,141.7025,-42.34656,9.970147,142.4466,-57.20901,50.83604,128.5099,-46.69939,78.34233,104.7886,-16.57269,-48.12684,67.11517,27.88616,-38.46435,143.7919,-41.67102,10.32786,144.6012,-56.5682,51.40212,130.5399,-46.245,79.14584,106.5351,-16.42124,-0.3153053,-0.532025,-0.785832,-0.293683,0.306568,-0.9054095,0.09124625,0.2868399,-0.9536231,0.3636309,0.1419903,-0.9206581,0.6232997,-0.1084596,-0.7744249,47.2674,53.33599,60.77208,58.43398,45.81116,18.36592,17.54312,17.22968,16.39513,14.56344,FALSE,TRUE,TRUE,TRUE,TRUE,
4,14.52501,16.23184,19.51246,33.11518,30.92589,27.37035,-48.28392,67.22903,29.69864,-38.5547,141.6406,-42.4992,9.982182,142.4081,-57.40917,50.9478,128.4523,-46.90514,78.54794,104.92,-16.72702,-48.22812,67.09552,27.99364,-38.46256,143.731,-41.763,10.3182,144.4581,-56.78316,51.48571,130.4193,-46.44535,79.31367,106.6017,-16.57477,-0.3157471,-0.5358542,-0.7830479,-0.2947649,0.305813,-0.9053133,0.09020983,0.2878681,-0.9534118,0.3638451,0.1420981,-0.9205568,0.6253385,-0.1044746,-0.7733284,47.2674,53.33599,60.77208,58.43398,45.81116,18.36592,17.54312,17.22968,16.39513,14.56344,FALSE,TRUE,TRUE,TRUE,TRUE,
4,14.55052,10.99596,13.72936,21.02436,23.09773,18.57206,-48.45724,67.43204,29.85884,-38.54725,141.621,-42.72158,9.964136,142.3825,-57.70145,51.0656,128.2368,-47.22974,78.8182,105.1574,-16.9443,-48.40398,67.09026,28.17762,-38.46154,143.6541,-41.88976,10.28014,144.3111,-57.06963,51.59237,130.1699,-46.75999,79.54125,106.749,-16.78592,-0.3164784,-0.5417299,-0.7786977,-0.2960846,0.3041941,-0.905428,0.08843313,0.2885959,-0.9533583,0.3638947,0.1398777,-0.9208772,0.6281781,-0.09804602,-0.7718675,47.2674,53.33599,60.77208,58.43398,45.81116,18.36592,17.54312,17.22968,16.39513,14.56344,FALSE,TRUE,TRUE,TRUE,TRUE,
4,14.56527,14.60007,11.7148,19.37388,22.27886,14.11659,-48.63526,67.67313,29.98572,-38.58296,141.6293,-42.83956,9.895616,142.2899,-57.88344,51.06004,128.0272,-47.42259,78.85345,105.1776,-17.0896,-48.5074,67.1116,28.28032,-38.46423,143.6309,-41.93279,10.24096,144.2305,-57.20102,51.61574,129.9957,-46.92303,79.5774,106.7699,-16.88625,-0.3181424,-0.5443493,-0.776189,-0.2968804,0.3022631,-0.9058141,0.08712436,0.2865728,-0.9540888,0.3636162,0.1365689,-0.9214837,0.6285118,-0.09702607,-0.7717246,47.2674,53.33599,60.77208,58.43398,45.81116,18.36592,17.54312,17.22968,16.39513,14.56344,FALSE,TRUE,TRUE,TRUE,TRUE,
4,14.58045,7.694436,11.16889,19.52097,20.68958,12.94714,-48.64982,67.70413,29.99336,-38.67546,141.5702,-42.93889,9.772384,142.1591,-58.07065,51.00329,127.8771,-47.63181,78.84875,105.1969,-17.28865,-48.60162,67.13285,28.3768,-38.47172,143.6077,-41.97178,10.1794,144.1324,-57.33959,51.60848,129.8457,-47.07534,79.57959,106.7708,-16.97498,-0.3168,-0.5472496,-0.7746972,-0.2985264,0.3006173,-0.9058207,0.08511841,0.2841852,-0.9549835,0.3625904,0.1340224,-0.9222615,0.6276547,-0.09721225,-0.7723985,47.2674,53.33599,60.77208,58.43398,45.81116,18.36592,17.54312,17.22968,16.39513,14.56344,FALSE,TRUE,TRUE,TRUE,TRUE,
4,14.59655,12.71072,17.72452,29.59013,28.28594,18.32544,-48.85481,67.97636,30.07673,-38.94141,141.4731,-43.21263,9.440642,141.8836,-58.49073,50.7418,127.5498,-48.07242,78.66001,105.146,-17.67217,-48.72637,67.18878,28.49088,-38.49396,143.5765,-42.02564,10.03964,143.9636,-57.56108,51.53414,129.6611,-47.28519,79.54794,106.7582,-17.07205,-0.3176699,-0.5517104,-0.7711689,-0.3009712,0.2959011,-0.9065643,0.08178582,0.2775954,-0.9572105,0.360477,0.1275823,-0.9240016,0.625846,-0.1003495,-0.7734642,47.2674,53.33599,60.77208,58.43398,45.81116,18.36592,17.54312,17.22968,16.39513,14.56344,FALSE,TRUE,TRUE,TRUE,TRUE,
4,14.61361,10.26641,36.64493,59.57509,49.42091,37.47349,-48.7684,68.18349,30.06716,-39.54892,141.0826,-43.81474,8.636036,141.2793,-59.43686,50.19094,127.1752,-49.06665,78.29517,105.1853,-18.60332,-48.82302,67.27445,28.60527,-38.55909,143.5111,-42.12616,9.675357,143.5827,-58.02796,51.36798,129.4452,-47.62471,79.49684,106.7525,-17.20704,-0.3138203,-0.5621608,-0.7651745,-0.307555,0.2853471,-0.9077373,0.07230133,0.2617033,-0.9624364,0.3547523,0.1159572,-0.9277418,0.6211705,-0.1073678,-0.7762856,47.2674,53.33599,60.77208,58.43398,45.81116,18.36592,17.54312,17.22968,16.39513,14.56344,FALSE,TRUE,TRUE,TRUE,TRUE,
4,14.63114,23.706,86.75971,142.703,118.2349,72.83782,-48.47443,68.48719,30.41837,-40.74627,139.5094,-45.1334,7.009317,138.763,-61.41928,48.94959,125.2197,-51.00991,77.45293,104.5936,-20.21161,-48.79502,67.38956,28.74863,-38.73516,143.2938,-42.35592,8.757262,142.2151,-59.15665,50.94398,128.7567,-48.33227,79.40528,106.7073,-17.40314,-0.3041888,-0.5877541,-0.7496762,-0.319159,0.2556335,-0.9125727,0.05433332,0.2151866,-0.9750603,0.3413942,0.07607334,-0.9368366,0.6115777,-0.1281517,-0.7807367,47.2674,53.33599,60.77208,58.43398,45.81116,18.36592,17.54312,17.22968,16.39513,14.56344,FALSE,TRUE,TRUE,TRUE,TRUE,
4,14.64896,66.40231,185.7872,335.2774,278.8355,171.9067,-47.70893,69.71127,30.88443,-42.40915,135.567,-47.95463,4.428695,131.3371,-65.28857,46.66168,119.1527,-54.67545,75.59563,101.5686,-23.36215,-48.48042,67.76035,28.88788,-39.11902,142.604,-42.93502,6.812918,137.4918,-61.82415,49.81499,126.205,-50.09324,79.15662,106.4363,-17.85072,-0.2910851,-0.630676,-0.7193867,-0.3352967,0.1941748,-0.9218852,0.02476036,0.1036453,-0.9943061,0.3136231,-0.01562077,-0.9494191,0.583427,-0.1825999,-0.7913724,47.2674,53.33599,60.77208,58.43398,45.81116,18.36592,17.54312,17.22968,16.39513,14.56344,FALSE,TRUE,TRUE,TRUE,TRUE,
4,14.6665,83.62015,364.5825,587.1439,560.3238,365.5606,-46.84211,70.79217,30.75759,-43.8055,127.6691,-53.71431,2.019909,118.0306,-71.10914,43.54953,106.0144,-59.75488,72.32304,94.04047,-28.26719,-47.87497,68.25764,28.95122,-39.84623,140.4296,-44.62277,4.194582,127.1692,-66.5422,46.72801,116.377,-54.67576,78.30605,105.0902,-19.18132,-0.2760658,-0.7069076,-0.651206,-0.3473769,0.09283201,-0.9331192,-0.001146039,-0.05587513,-0.9984371,0.2712648,-0.1871618,-0.9441323,0.5269076,-0.2892146,-0.7992017,47.2674,53.33599,60.77208,58.43398,45.81116,18.36592,17.54312,17.22968,16.39513,14.56344,FALSE,TRUE,TRUE,TRUE,TRUE,
4,14.68127,73.90858,1903.454,2312.54,2207.015,762.4517,-50.25866,68.41738,32.1993,-45.00674,67.66846,-5.678733,-24.96918,55.07786,-9.658877,3.017077,52.55863,-7.781498,65.86545,75.16441,-29.42303,-47.98042,68.14248,29.21718,-45.32901,113.1347,-39.83872,-10.87682,88.88377,-53.86525,28.10505,82.4479,-44.66452,74.90383,97.5378,-22.08331,-0.3018128,-0.7672063,-0.5659537,-0.4674626,-0.7602469,-0.4511135,-0.3406716,-0.8239099,-0.4528966,-0.2015702,-0.8758991,-0.4383721,0.4574443,-0.4406531,-0.7723792,47.2674,53.33599,60.77208,58.43398,45.81116,18.36592,17.54312,17.22968,16.39513,14.56344,FALSE,TRUE,TRUE,TRUE,TRUE,
4,14.69323,896.0215,2081.662,2256.921,2001.001,1408.075,-15.76703,53.27334,37.78151,-38.98174,48.34662,10.61408,-22.41908,39.21613,7.654996,2.393058,41.31831,8.614588,34.08071,57.19349,4.832912,-29.25596,55.44505,34.46815,-45.58625,89.81503,-28.54428,-16.49651,65.45562,-36.36945,18.51902,63.04196,-30.03016,66.58382,84.79308,-19.72309,0.03744086,-0.8600572,-0.508822,-0.2759367,-0.9588716,-0.06651472,-0.2733072,-0.9605016,-0.05234332,-0.2164997,-0.9739435,-0.06754134,0.06209862,-0.907016,-0.4164921,47.2674,53.33599,60.77208,58.43398,45.81116,18.36592,17.54312,17.22968,16.39513,14.56344,FALSE,TRUE,TRUE,TRUE,TRUE,
0,14.71427,788.3408,1192.792,1217.122,1047.493,1343.391,-2.621636,50.91698,32.06599,-33.40314,45.6316,10.3812,-18.65613,38.47796,6.972682,4.303522,42.68653,8.189592,20.07257,64.78815,29.35361,-8.752455,49.96367,32.23384,-41.44518,65.14292,-11.79959,-18.77108,48.15595,-16.42027,10.73798,49.56565,-12.79394,48.01463,68.64169,-7.160306,0.2820897,-0.7846099,-0.5520984,-0.07053872,-0.9817366,0.1766848,-0.1758684,-0.9654927,0.1920784,-0.193344,-0.9677944,0.1612209,-0.3279107,-0.9135169,0.2407519,47.2674,53.33599,60.77208,58.43398,45.81116,18.36592,17.54312,17.22968,16.39513,14.56344,FALSE,FALSE,FALSE,FALSE,FALSE,
0,14.73242,701.6457,663.1006,632.3164,552.3668,1002.796,6.338739,53.35437,27.43129,-28.57657,46.75844,6.953687,-14.43312,40.73349,4.096646,7.072957,46.07405,7.421865,18.79028,70.91754,35.81949,3.643609,52.15576,27.70472,-36.28566,55.72302,-3.923971,-17.47842,44.21754,-8.986376,9.144312,47.32298,-5.956789,37.74392,65.9871,4.954529,0.4265621,-0.6850886,-0.5905069,0.03329356,-0.9737409,0.2252113,-0.1091393,-0.9634618,0.2446017,-0.1583325,-0.960341,0.2295123,-0.3896303,-0.7137148,0.5820647,47.2674,53.33599,60.77208,58.43398,45.81116,18.36592,17.54312,17.22968,16.39513,14.56344,FALSE,FALSE,FALSE,FALSE,FALSE,
0,14.75043,541.3135,339.5781,307.5781,263.1543,616.8555,10.38982,57.20015,21.78287,-24.53842,50.97978,2.027514,-10.80874,45.50544,1.308555,9.517434,51.21853,4.523869,19.87848,74.12241,33.94533,9.738398,56.33024,22.2504,-30.58424,52.68816,-0.871667,-15.65032,44.14888,-6.035914,9.122917,47.87083,-3.635287,32.7477,67.11654,12.1228,0.4896638,-0.5913699,-0.6407114,0.08742148,-0.9742168,0.2079885,-0.07091269,-0.9643993,0.2547652,-0.1394085,-0.9644049,0.2246961,-0.3900272,-0.6516204,0.6505917,47.2674,53.33599,60.77208,58.43398,45.81116,18.36592,17.54312,17.22968,16.39513,14.56344,FALSE,FALSE,FALSE,FALSE,FALSE,
0,14.76846,327.3912,261.8386,230.7073,250.3965,379.7458,11.56454,58.17182,21.2189,-22.64189,51.596,3.594795,-9.738333,46.22314,2.62274,9.778483,51.73552,7.616037,19.99231,74.6598,34.20885,11.69374,57.95902,21.02134,-26.11985,51.87073,1.694975,-14.42668,44.51128,-4.205131,9.178144,48.31868,-2.198002,29.88706,68.4385,16.686,0.5129408,-0.5757365,-0.6367254,0.1016318,-0.9564908,0.2734894,-0.07068867,-0.9518939,0.2981631,-0.149857,-0.9457061,0.2884144,-0.4034932,-0.6179011,0.6748269,47.2674,53.33599,60.77208,58.43398,45.81116,18.36592,17.54312,17.22968,16.39513,14.56344,FALSE,FALSE,FALSE,FALSE,FALSE,
0,14.77762,254.7927,259.7141,204.45,224.0561,295.5377,12.32338,58.01073,21.72721,-21.46535,50.90499,5.180111,-8.954946,45.56821,3.426043,10.32144,51.13532,8.915504,20.1533,74.40678,34.82116,12.5336,58.09813,21.34099,-24.48418,51.44583,3.216195,-13.96041,44.57422,-3.489074,9.212151,48.41641,-1.707659,28.92838,68.90613,18.36272,0.5286507,-0.5773968,-0.6222069,0.1050581,-0.9417686,0.3194285,-0.07327334,-0.9459985,0.3157812,-0.1541585,-0.9386291,0.3085621,-0.4136007,-0.6036077,0.68161,47.2674,53.33599,60.77208,58.43398,45.81116,18.36592,17.54312,17.22968,16.39513,14.56344,FALSE,FALSE,FALSE,FALSE,FALSE,
0,14.79565,158.66,223.8911,231.5234,185.1271,190.8832,13.49224,56.82807,22.98795,-19.45441,48.97565,7.094079,-7.432455,43.5875,6.778451,11.47999,49.22884,11.02459,20.17032,73.16013,36.22022,13.93373,57.28659,22.54913,-21.95197,50.30186,5.730707,-13.17052,44.48282,-2.113451,9.29599,48.47195,-1.024153,27.72351,69.40563,20.64458,0.5628343,-0.5874785,-0.5814521,0.09235234,-0.916978,0.388101,-0.08987778,-0.917741,0.3868766,-0.1723396,-0.926459,0.3346235,-0.4482901,-0.5769976,0.6827224,47.2674,53.33599,60.77208,58.43398,45.81116,18.36592,17.54312,17.22968,16.39513,14.56344,FALSE,FALSE,FALSE,FALSE,FALSE,
0,14.81369,660.8795,761.3508,775.2501,665.3213,488.7033,-6.439303,68.35334,17.43652,-34.1907,71.30189,12.28358,-26.03439,64.84837,2.747225,-7.224195,62.58175,6.361897,7.34227,74.34456,31.46015,-1.856798,66.19786,17.71346,-25.46208,55.98475,8.304083,-14.08354,45.96317,-1.087044,8.583703,48.94887,-0.459052,25.42377,69.75964,22.30321,0.219341,-0.5751356,-0.7881044,-0.2023729,-0.9607397,0.1898009,-0.3990468,-0.9083901,0.1248563,-0.4692322,-0.8819804,0.04395258,-0.6623172,-0.6426279,0.3851822,47.2674,53.33599,60.77208,58.43398,45.81116,18.36592,17.54312,17.22968,16.39513,14.56344,FALSE,FALSE,FALSE,FALSE,FALSE,
0,14.83185,1054.563,1082.38,1203.745,1017.794,790.804,-21.13126,91.69898,8.666565,-44.00831,97.28347,9.472588,-37.22567,94.14655,-5.749861,-22.70959,84.0692,1.248322,-5.793526,85.83916,15.77322,-19.68525,89.26148,8.658883,-36.99309,78.91324,8.82658,-20.36806,57.18588,-2.084442,3.279835,54.09489,-0.2376818,18.06344,72.59534,21.3345,0.04810819,-0.3368357,-0.9403336,-0.446655,-0.8888333,-0.1023457,-0.6241549,-0.7520775,-0.2116841,-0.6736534,-0.6958439,-0.2489828,-0.818543,-0.5588526,-0.1329333,47.2674,53.33599,60.77208,58.43398,45.81116,18.36592,17.54312,17.22968,16.39513,14.56344,FALSE,FALSE,FALSE,FALSE,FALSE,
0,14.8499,707.2261,758.0283,856.706,714.78,580.0038,-22.6916,98.79873,7.077229,-45.62708,105.2986,8.36849,-38.7176,103.1709,-7.745099,-26.51795,90.52188,0.8987813,-8.747149,91.3882,12.2863,-22.62852,97.96468,6.743033,-43.96862,96.95282,8.609116,-28.57402,74.95971,-4.398001,-6.712598,65.00942,0.2397421,9.683142,77.64321,18.57367,0.06402905,-0.285483,-0.9562425,-0.4995303,-0.8480764,-0.1767368,-0.6649104,-0.6847468,-0.2983555,-0.7130811,-0.6295261,-0.3085647,-0.8262079,-0.4895915,-0.2787127,47.2674,53.33599,60.77208,58.43398,45.81116,18.36592,17.54312,17.22968,16.39513,14.56344,FALSE,FALSE,FALSE,FALSE,FALSE,
0,14.86792,483.3627,550.3447,618.1578,512.2984,418.7078,-23.07849,103.0947,6.197704,-45.98349,110.6215,7.441969,-39.08778,108.8798,-8.855976,-27.8217,95.17822,-0.07647126,-9.825013,95.2078,10.59262,-23.0469,101.9508,6.057754,-46.303,106.3367,7.883808,-35.08517,91.45526,-6.824954,-17.30127,77.92732,0.4348426,2.433346,83.01062,15.6483,0.07818708,-0.2541055,-0.964011,-0.5292183,-0.8176861,-0.2265334,-0.685441,-0.6393225,-0.3484787,-0.7331374,-0.5851092,-0.3466365,-0.8342148,-0.4407391,-0.3314131,47.2674,53.33599,60.77208,58.43398,45.81116,18.36592,17.54312,17.22968,16.39513,14.56344,FALSE,FALSE,FALSE,FALSE,FALSE,
0,14.87699,366.2296,488.352,545.9124,445.7374,370.0172,-22.32796,104.7062,6.344091,-46.00116,113.62,7.005355,-39.11424,112.1101,-9.350186,-28.64698,97.54725,-0.01054819,-10.2123,97.42076,9.828181,-22.15164,103.5212,6.223835,-46.68216,110.3741,7.362844,-37.2742,98.91169,-7.971611,-21.85045,84.38865,0.5262246,-0.7625172,86.09945,14.12124,0.1158118,-0.2643133,-0.9574581,-0.5440444,-0.8000544,-0.2528412,-0.6954781,-0.614045,-0.3731742,-0.7459291,-0.5636852,-0.3547516,-0.8394684,-0.4136986,-0.3523439,47.2674,53.33599,60.77208,58.43398,45.81116,18.36592,17.54312,17.22968,16.39513,14.56344,FALSE,FALSE,FALSE,FALSE,FALSE,
0,14.89511,145.1355,293.0213,531.8771,268.5219,236.218,-19.99346,103.7662,7.11195,-46.34301,114.9321,6.603088,-38.41867,105.944,19.40016,-29.62119,98.46782,0.08685859,-10.61192,98.76617,8.950392,-19.112,102.5787,7.306171,-47.06813,113.5597,6.846223,-39.79161,102.4438,0.4372147,-27.92369,92.9709,0.805539,-5.784088,91.30777,11.48549,0.1836246,-0.3241513,-0.9280129,-0.5467355,-0.799259,-0.2495303,-0.6803458,-0.7303201,0.06133595,-0.7523619,-0.5622979,-0.3431801,-0.8419547,-0.4086088,-0.352351,47.2674,53.33599,60.77208,58.43398,45.81116,18.36592,17.54312,17.22968,16.39513,14.56344,FALSE,FALSE,FALSE,FALSE,FALSE,
0,14.91314,126.2119,262.2419,464.2088,242.8172,224.5096,-17.32777,104.4382,7.471593,-46.41858,118.7205,5.391475,-38.50387,108.0447,22.37974,-30.21168,102.0695,-1.377174,-11.00573,101.9971,7.115609,-15.96457,102.7096,8.060338,-47.14907,117.1339,5.842004,-40.0429,103.6841,6.00575,-30.57475,98.57793,-0.004502208,-9.081684,95.90517,9.096908,0.2265226,-0.3453968,-0.9107077,-0.5595078,-0.7843221,-0.2679362,-0.6445384,-0.7347899,0.2113151,-0.7627407,-0.5393455,-0.3568377,-0.8478728,-0.3825172,-0.3671407,47.2674,53.33599,60.77208,58.43398,45.81116,18.36592,17.54312,17.22968,16.39513,14.56344,FALSE,FALSE,FALSE,FALSE,FALSE,
0,14.93131,104.1044,212.1296,255.8672,191.8931,182.6723,-16.16044,105.1076,5.787556,-45.88417,120.9664,2.606242,-38.56353,109.6101,20.57058,-30.01098,104.0005,-3.893404,-10.91003,103.5386,4.75178,-14.8327,103.5377,6.563283,-46.66345,119.8776,3.248755,-39.9568,104.7577,8.778771,-31.14453,101.9914,-2.199581,-10.7733,99.42274,6.643796,0.25331,-0.3481696,-0.9025586,-0.5681042,-0.7695066,-0.2917486,-0.6441287,-0.7262016,0.2402695,-0.7650906,-0.5187677,-0.3814661,-0.845003,-0.35921,-0.396154,47.2674,53.33599,60.77208,58.43398,45.81116,18.36592,17.54312,17.22968,16.39513,14.56344,FALSE,FALSE,FALSE,FALSE,FALSE,
0,14.94931,139.3011,169.7012,143.0056,118.9182,140.8368,-14.01201,100.771,3.86406,-45.03747,113.5973,-0.4886191,-36.82623,104.0178,18.5734,-28.13739,97.29061,-4.669948,-8.672074,99.65575,2.449181,-13.21762,100.4635,4.835181,-46.08325,115.8762,0.9329405,-39.6601,104.8259,10.25712,-30.13742,99.16605,-3.263624,-10.77503,99.80391,4.903952,0.2908953,-0.3749031,-0.8802429,-0.4910473,-0.8356201,-0.2461944,-0.5697007,-0.7656598,0.298674,-0.7153495,-0.6162893,-0.3293365,-0.7995646,-0.4583323,-0.3881081,47.2674,53.33599,60.77208,58.43398,45.81116,18.36592,17.54312,17.22968,16.39513,14.56344,FALSE,FALSE,FALSE,FALSE,FALSE,
0,14.96734,272.6483,371.9255,297.1926,311.9271,293.2112,-15.48295,93.86495,-1.091105,-47.12576,102.6113,-3.404796,-36.42066,94.7854,15.43291,-29.20717,87.56033,-6.881269,-9.396316,92.9363,-3.093607,-14.39142,94.48212,1.204743,-47.0209,106.1363,-1.367285,-38.96302,102.413,11.95563,-30.00273,90.39935,-3.895895,-10.63635,97.44926,2.586496,0.2419871,-0.3698629,-0.8970193,-0.4088978,-0.8957544,-0.1744323,-0.4508293,-0.8097776,0.3755172,-0.6655717,-0.7128685,-0.2209813,-0.7689039,-0.5614831,-0.3058161,47.2674,53.33599,60.77208,58.43398,45.81116,18.36592,17.54312,17.22968,16.39513,14.56344,FALSE,FALSE,FALSE,FALSE,FALSE,
0,14.97643,402.6921,498.9886,403.9142,459.3549,420.9232,-17.48791,86.63096,-2.266241,-48.16022,94.48356,-2.639062,-37.20752,88.43638,15.15838,-30.88532,79.56432,-6.827683,-11.00192,85.34622,-4.481673,-16.27506,89.38497,-0.7588868,-47.71208,99.07691,-1.551681,-38.66269,99.26442,12.66993,-30.85393,83.85433,-4.68021,-10.94798,94.68383,0.926532,0.199791,-0.4327094,-0.8791167,-0.3889669,-0.9202729,-0.04245697,-0.4274754,-0.779264,0.4582711,-0.6685761,-0.7311737,-0.1356135,-0.7764693,-0.5865452,-0.2303479,47.2674,53.33599,60.77208,58.43398,45.81116,18.36592,17.54312,17.22968,16.39513,14.56344,FALSE,FALSE,FALSE,FALSE,FALSE,
0,14.99447,594.9737,639.8698,499.4761,644.986,620.4354,-16.57387,70.13759,-0.9404282,-44.90038,78.87349,1.376571,-36.63204,76.57008,15.493,-30.33671,62.56713,-3.412727,-10.30834,68.25117,-2.752614,-16.45467,73.04269,-0.5153577,-45.29917,82.28087,2.149685,-37.80355,88.25295,14.35337,-30.89974,66.43082,-2.300346,-11.14006,82.14566,-1.097911,0.2056782,-0.6365796,-0.7432785,-0.3535389,-0.8817491,0.312296,-0.4536203,-0.6323046,0.6280283,-0.6874353,-0.7251845,0.03924455,-0.7894775,-0.6055111,-0.1004075,47.2674,53.33599,60.77208,58.43398,45.81116,18.36592,17.54312,17.22968,16.39513,14.56344,FALSE,FALSE,FALSE,FALSE,FALSE,
0,15.01257,671.2032,677.5522,751.1214,727.3678,678.5091,-5.184077,69.40115,-19.71136,-33.55457,74.63601,-16.27347,-27.8472,69.92986,-5.628171,-17.65796,60.74764,-24.62984,1.377091,68.58233,-21.4814,-8.08173,70.06783,-13.71139,-35.81396,76.15159,-9.957874,-33.65124,79.44849,6.144051,-21.83474,61.7521,-16.81758,-6.118581,75.05154,-9.772013,0.3489491,-0.4853642,-0.8016583,-0.2292555,-0.947081,0.2246763,-0.4295586,-0.7895389,0.438301,-0.5861123,-0.7991193,-0.1337188,-0.6895182,-0.6723309,-0.2693248,47.2674,53.33599,60.77208,58.43398,45.81116,18.36592,17.54312,17.22968,16.39513,14.56344,FALSE,FALSE,FALSE,FALSE,FALSE,
0,15.03062,695.8678,621.3371,1256.01,1154.359,1095.131,-39.36759,70.2562,10.6549,-32.89807,111.5458,-40.39303,10.82101,103.4897,-51.74257,30.56315,96.78585,-39.72057,49.2292,73.95909,-13.46741,-22.12519,66.03949,0.796289,-37.80703,78.22837,-21.46498,-27.61456,75.86852,-8.35156,-5.638576,64.70532,-26.53988,13.93514,67.35718,-13.36742,-0.005338444,-0.5859186,-0.8103523,-0.3475918,-0.8841193,-0.3122707,-0.3413359,-0.8819071,-0.325161,-0.2850106,-0.8157494,-0.5033108,-0.2784402,-0.8591797,-0.4292799,47.2674,53.33599,60.77208,58.43398,45.81116,18.36592,17.54312,17.22968,16.39513,14.56344,FALSE,FALSE,FALSE,FALSE,FALSE,
1,15.04877,641.1656,576.649,1062.315,1049.353,1016.914,-39.89262,64.67755,18.61479,-34.59818,110.281,-38.90298,11.35854,101.8297,-49.99199,36.73191,95.434,-38.54653,58.45746,78.54424,-8.794084,-30.37941,63.65661,11.55359,-37.75536,82.01989,-24.65255,-19.44209,77.76472,-19.12321,18.64563,76.02032,-35.53751,39.55415,68.06244,-10.95399,-0.1014802,-0.5823099,-0.8066083,-0.3584519,-0.6986134,-0.6192346,-0.1445034,-0.7361274,-0.6612376,-0.06400076,-0.7036974,-0.7076114,0.02542644,-0.8374165,-0.5459735,47.2674,53.33599,60.77208,58.43398,45.81116,18.36592,17.54312,17.22968,16.39513,14.56344,FALSE,FALSE,FALSE,TRUE,FALSE,
4,15.06678,674.3819,746.7075,1029.895,1029.406,861.6444,-45.3495,64.6857,30.09604,-35.915,126.5273,-44.27094,10.43212,125.6384,-55.36233,50.50926,107.081,-41.42735,68.87846,89.1834,-10.81157,-38.54487,61.25205,19.22085,-38.55347,91.45168,-31.49527,-11.49181,84.75634,-29.37974,37.20602,87.37722,-40.75145,58.24723,75.0092,-10.16376,-0.3054747,-0.5591652,-0.7707266,-0.3432401,-0.220677,-0.9129556,0.002932414,-0.3012755,-0.9535326,0.2346336,-0.3678247,-0.8998067,0.3485498,-0.5621029,-0.7500356,47.2674,53.33599,60.77208,58.43398,45.81116,18.36592,17.54312,17.22968,16.39513,14.56344,FALSE,TRUE,TRUE,TRUE,TRUE,
4,15.07586,612.7405,712.1534,950.7454,930.7509,754.2352,-47.11436,66.91894,32.63319,-36.33385,127.7914,-44.26574,10.69565,127.2569,-55.75206,51.40034,109.347,-41.19196,70.22018,90.21524,-10.34111,-41.71471,62.2945,22.57214,-38.70078,97.71861,-34.58346,-7.5607,90.26704,-34.45618,43.28141,94.28558,-41.33477,63.77137,79.79342,-10.02666,-0.3652982,-0.5478751,-0.7525889,-0.3248998,-0.1064802,-0.9397351,0.03200543,-0.1673093,-0.9853848,0.2902851,-0.2744634,-0.9167357,0.4161537,-0.4769973,-0.774138,47.2674,53.33599,60.77208,58.43398,45.81116,18.36592,17.54312,17.22968,16.39513,14.56344,FALSE,TRUE,TRUE,TRUE,TRUE,
5,15.09392,437.5667,555.0763,713.9448,689.3043,553.1644,-49.44766,68.93471,34.42854,-36.88224,129.4462,-43.59358,11.56307,128.4755,-55.65082,51.98106,111.824,-41.12962,71.94358,91.4163,-9.940587,-46.06948,64.77863,27.24959,-38.52247,111.0385,-39.33248,0.000420248,103.3078,-43.59881,49.30233,105.0404,-41.66802,69.98797,87.02405,-10.04984,-0.4296123,-0.5232131,-0.7359899,-0.3077529,0.02068117,-0.9512416,0.06891717,-0.008090749,-0.9975896,0.338852,-0.1430519,-0.9299008,0.4944671,-0.3612808,-0.7905558,47.2674,53.33599,60.77208,58.43398,45.81116,18.36592,17.54312,17.22968,16.39513,14.56344,TRUE,TRUE,TRUE,TRUE,TRUE,
5,15.09392,437.5667,555.0763,713.9448,689.3043,553.1644,-49.44766,68.93471,34.42854,-36.88224,129.4462,-43.59358,11.56307,128.4755,-55.65082,51.98106,111.824,-41.12962,71.94358,91.4163,-9.940587,-46.06948,64.77863,27.24959,-38.52247,111.0385,-39.33248,0.000420248,103.3078,-43.59881,49.30233,105.0404,-41.66802,69.98797,87.02405,-10.04984,-0.4296123,-0.5232131,-0.7359899,-0.3077529,0.02068117,-0.9512416,0.06891717,-0.008090749,-0.9975896,0.338852,-0.1430519,-0.9299008,0.4944671,-0.3612808,-0.7905558,47.2674,53.33599,60.77208,58.43398,45.81116,18.36592,17.54312,17.22968,16.39513,14.56344,TRUE,TRUE,TRUE,TRUE,TRUE,
5,15.13007,182.5845,239.2994,299.5354,293.3064,223.5222,-51.53874,70.35355,34.9709,-36.87041,131.2393,-43.10666,11.99476,129.8515,-55.33307,52.53196,113.8394,-40.98977,73.26974,92.25088,-9.577673,-50.86081,68.38792,31.81847,-37.5199,128.5117,-43.07848,10.28069,124.8025,-54.14189,52.27145,113.0016,-41.32077,73.48319,91.36792,-9.636987,-0.4702554,-0.4985791,-0.7282023,-0.2962521,0.09527771,-0.9503456,0.08912022,0.08309519,-0.9925486,0.36679,-0.05392145,-0.9287398,0.5394465,-0.2986039,-0.7872949,47.2674,53.33599,60.77208,58.43398,45.81116,18.36592,17.54312,17.22968,16.39513,14.56344,TRUE,TRUE,TRUE,TRUE,TRUE,
5,15.14816,174.1187,176.9517,197.422,188.2414,160.0913,-53.90648,71.18369,35.34929,-36.7957,132.2706,-42.74393,12.15463,130.516,-55.18124,52.74606,114.479,-41.03851,74.15889,92.72307,-9.58317,-53.03467,69.85043,33.22222,-37.13368,131.4491,-42.96378,11.74072,128.6446,-55.09349,52.75589,114.3618,-41.22607,74.6744,92.50588,-9.529557,-0.5071406,-0.474153,-0.7197134,-0.2921324,0.1320225,-0.9472216,0.09499063,0.115367,-0.9887705,0.3727502,-0.02796763,-0.9275101,0.5600433,-0.2675547,-0.7840701,47.2674,53.33599,60.77208,58.43398,45.81116,18.36592,17.54312,17.22968,16.39513,14.56344,TRUE,TRUE,TRUE,TRUE,TRUE,
5,15.16625,163.2585,132.2118,130.0395,120.425,110.5189,-56.24922,72.34452,35.64351,-36.63351,133.2485,-42.61151,12.31075,131.018,-55.14322,52.95947,114.8996,-41.03101,74.77103,93.06841,-9.448835,-55.72224,71.55789,34.43628,-36.72937,133.4497,-42.71877,12.37237,130.6193,-55.23634,53.14975,115.205,-41.12135,75.49298,93.2526,-9.317796,-0.5343074,-0.4544197,-0.7127541,-0.2861653,0.1587933,-0.9449307,0.1008439,0.1367825,-0.9854547,0.3791611,-0.0118717,-0.9252545,0.5750904,-0.2488001,-0.7793391,47.2674,53.33599,60.77208,58.43398,45.81116,18.36592,17.54312,17.22968,16.39513,14.56344,TRUE,TRUE,TRUE,TRUE,TRUE,
5,15.17527,134.9124,107.358,101.1192,93.66917,91.94856,-56.87297,72.23187,35.75992,-36.60913,133.4194,-42.50888,12.28493,131.0905,-55.16834,53.02002,114.9984,-41.16595,75.09721,93.18269,-9.605382,-56.90717,72.14054,34.91671,-36.59422,134.0075,-42.58589,12.47819,131.1089,-55.24219,53.26412,115.4131,-41.20601,75.8505,93.47318,-9.420631,-0.5430428,-0.4488014,-0.7097055,-0.2850122,0.1720095,-0.9429638,0.1010938,0.1467272,-0.9839975,0.3798709,-0.004217126,-0.9250299,0.5795991,-0.2396315,-0.778872,47.2674,53.33599,60.77208,58.43398,45.81116,18.36592,17.54312,17.22968,16.39513,14.56344,TRUE,TRUE,TRUE,TRUE,TRUE,
5,15.19334,84.86813,72.75123,67.08507,58.78606,60.92456,-57.6049,71.8497,35.85567,-36.58313,133.7793,-42.374,12.30558,131.361,-55.27562,53.16943,115.1663,-41.49536,75.58383,93.27911,-10.02904,-58.53317,72.55883,35.5559,-36.46009,134.7448,-42.36955,12.58764,131.7778,-55.29181,53.48026,115.675,-41.48563,76.36389,93.64373,-9.808503,-0.5539133,-0.4423566,-0.7053372,-0.2846856,0.1950188,-0.9385743,0.1017834,0.1657945,-0.9808936,0.3806761,0.00762458,-0.924677,0.5837978,-0.228571,-0.7790606,47.2674,53.33599,60.77208,58.43398,45.81116,18.36592,17.54312,17.22968,16.39513,14.56344,TRUE,TRUE,TRUE,TRUE,TRUE,
5,15.21146,62.58689,58.06742,51.0032,43.65608,41.26117,-58.29646,72.01443,35.97491,-36.4855,134.3727,-42.32285,12.45958,131.7617,-55.33992,53.39682,115.456,-41.62851,75.91817,93.40204,-10.15631,-59.52135,72.7345,35.91838,-36.32241,135.4808,-42.25684,12.77914,132.3905,-55.32778,53.77881,116.0509,-41.59494,76.71328,93.78413,-9.932002,-0.5615461,-0.4381368,-0.7019274,-0.2823582,0.2123335,-0.935515,0.1054176,0.180225,-0.9779602,0.3844115,0.01698735,-0.9230055,0.5881774,-0.2235126,-0.7772319,47.2674,53.33599,60.77208,58.43398,45.81116,18.36592,17.54312,17.22968,16.39513,14.56344,TRUE,TRUE,TRUE,TRUE,TRUE,
5,15.22949,33.63385,49.46452,39.24416,32.94638,32.96862,-58.49072,71.84131,35.89667,-36.40327,134.9797,-42.26149,12.5212,132.1603,-55.43862,53.56836,115.737,-41.85088,76.25507,93.60811,-10.42525,-59.97755,72.71413,36.00368,-36.20296,136.196,-42.1661,12.88339,132.9077,-55.38754,53.99986,116.3509,-41.77577,77.04268,93.99377,-10.16333,-0.5642044,-0.4364108,-0.7008702,-0.2808475,0.2296759,-0.9318657,0.1062702,0.1919584,-0.9756324,0.3861606,0.02456524,-0.9221044,0.5915491,-0.2168724,-0.7765539,47.2674,53.33599,60.77208,58.43398,45.81116,18.36592,17.54312,17.22968,16.39513,14.56344,TRUE,TRUE,TRUE,TRUE,TRUE,
5,15.24757,16.89892,43.48142,36.39219,29.99033,29.36465,-58.58432,71.82189,35.74199,-36.33083,135.6073,-42.30402,12.59312,132.6571,-55.59917,53.74578,116.1015,-42.0981,76.51424,93.89542,-10.72651,-60.11616,72.65173,35.90569,-36.11363,136.8681,-42.18056,12.95842,133.4483,-55.52284,54.20571,116.6935,-41.98859,77.28133,94.25576,-10.43786,-0.5657179,-0.4357673,-0.7000501,-0.2797279,0.2430174,-0.9288137,0.1071839,0.2019463,-0.9735139,0.3879541,0.0300794,-0.9211877,0.5937657,-0.212307,-0.7761237,47.2674,53.33599,60.77208,58.43398,45.81116,18.36592,17.54312,17.22968,16.39513,14.56344,TRUE,TRUE,TRUE,TRUE,TRUE,
5,15.26562,30.44963,39.08012,43.41583,41.23687,44.05574,-57.98349,70.93311,34.79019,-36.309,136.2294,-42.5822,12.65413,133.5775,-56.01701,53.96712,117.0182,-42.73374,77.038,94.74112,-11.52637,-59.67373,71.92286,35.16745,-36.10572,137.5217,-42.41787,13.01714,134.397,-55.90399,54.4277,117.5153,-42.57183,77.74864,94.98527,-11.15476,-0.5618449,-0.4353717,-0.7034073,-0.2812262,0.2597621,-0.9238157,0.1061832,0.2177034,-0.9702218,0.3880337,0.04178684,-0.9206974,0.597208,-0.2001355,-0.7767164,47.2674,53.33599,60.77208,58.43398,45.81116,18.36592,17.54312,17.22968,16.39513,14.56344,TRUE,TRUE,TRUE,TRUE,TRUE,
5,15.28373,31.54173,32.78524,38.82807,42.629,43.22613,-57.6748,70.77016,34.42413,-36.41334,136.7162,-42.72454,12.56743,134.124,-56.3217,54.08899,117.7196,-43.13742,77.32265,95.33889,-12.00769,-59.35201,71.68446,34.82199,-36.23032,137.9823,-42.54746,12.93419,134.9098,-56.19625,54.56529,118.1339,-42.93746,77.99377,95.45048,-11.57717,-0.5601611,-0.4368871,-0.7038105,-0.2838614,0.2667543,-0.9210129,0.1040132,0.2229207,-0.9692717,0.3884642,0.04819073,-0.9202029,0.5986879,-0.1960998,-0.7766064,47.2674,53.33599,60.77208,58.43398,45.81116,18.36592,17.54312,17.22968,16.39513,14.56344,TRUE,TRUE,TRUE,TRUE,TRUE,
5,15.29283,24.51125,34.80853,39.31855,44.99663,43.39241,-57.5738,70.89642,34.35443,-36.51414,137.0872,-42.76026,12.47099,134.4663,-56.47865,54.11387,118.1343,-43.35481,77.39373,95.66093,-12.28684,-59.22631,71.65375,34.69265,-36.33602,138.3269,-42.58547,12.85323,135.227,-56.34763,54.61418,118.5121,-43.13138,78.0733,95.70992,-11.80943,-0.5609367,-0.4372675,-0.702956,-0.2856117,0.2699802,-0.9195306,0.102588,0.2249175,-0.9689623,0.388616,0.05127852,-0.9199718,0.5985863,-0.1950511,-0.7769488,47.2674,53.33599,60.77208,58.43398,45.81116,18.36592,17.54312,17.22968,16.39513,14.56344,TRUE,TRUE,TRUE,TRUE,TRUE,
5,15.31083,22.00656,30.88304,39.59575,44.3662,41.09353,-57.40455,70.86262,34.16098,-36.7375,137.5909,-42.75039,12.29347,135.176,-56.62288,54.11221,118.8947,-43.64698,77.51416,96.26205,-12.71,-59.01941,71.59621,34.49352,-36.56313,138.8084,-42.57907,12.68703,135.9256,-56.50592,54.65664,119.2627,-43.42695,78.1926,96.22625,-12.20961,-0.5603657,-0.4379087,-0.7030122,-0.2884721,0.2754402,-0.917015,0.1009757,0.2324698,-0.9673477,0.3887853,0.05860629,-0.9194625,0.5992343,-0.1903646,-0.7776114,47.2674,53.33599,60.77208,58.43398,45.81116,18.36592,17.54312,17.22968,16.39513,14.56344,TRUE,TRUE,TRUE,TRUE,TRUE,
5,15.32932,35.62702,49.00211,52.0591,55.04323,53.19223,-57.793,72.30282,34.52279,-37.44079,138.6552,-42.82378,11.54145,136.1205,-57.00227,53.47414,119.877,-44.20472,77.05148,97.29128,-13.31075,-58.97348,72.07771,34.50904,-37.24224,139.7977,-42.66211,12.02759,136.8028,-56.84607,54.19205,120.1628,-43.90405,77.98132,97.01683,-12.70699,-0.5657673,-0.4400917,-0.6972996,-0.2936587,0.2720701,-0.9163746,0.09606759,0.229111,-0.9686481,0.384578,0.05654927,-0.9213588,0.5959055,-0.1923536,-0.7796773,47.2674,53.33599,60.77208,58.43398,45.81116,18.36592,17.54312,17.22968,16.39513,14.56344,TRUE,TRUE,TRUE,TRUE,TRUE,
5,15.3398,23.78269,45.50673,60.64042,69.45095,69.94888,-57.432,71.85941,33.91256,-37.7163,138.9628,-42.92603,11.26539,136.8987,-57.22106,53.33379,120.8556,-44.63456,77.15733,98.22589,-13.95089,-58.87313,72.17007,34.35023,-37.53481,140.1111,-42.76507,11.70943,137.5412,-57.07444,53.97521,121.0077,-44.2978,77.9264,97.72533,-13.171,-0.5625728,-0.4396585,-0.7001516,-0.2973638,0.2768365,-0.9137485,0.0926295,0.2371084,-0.967057,0.3822486,0.06609955,-0.9216924,0.5959513,-0.1819018,-0.7821469,47.2674,53.33599,60.77208,58.43398,45.81116,18.36592,17.54312,17.22968,16.39513,14.56344,TRUE,TRUE,TRUE,TRUE,TRUE,
5,15.36527,47.01569,70.02036,94.18553,105.3541,108.9734,-57.01575,72.49062,32.62127,-38.73472,140.813,-43.38984,10.18853,139.5205,-58.01326,52.52071,123.7869,-45.88618,76.83035,101.1771,-15.60468,-58.49202,72.24596,33.72596,-38.56344,141.8357,-43.24485,10.62738,140.0941,-57.86306,53.16927,123.7431,-45.53202,77.68358,100.281,-14.67645,-0.5547903,-0.4422879,-0.7046908,-0.306418,0.2818576,-0.9092108,0.08374139,0.2483375,-0.9650471,0.3748594,0.0783016,-0.9237691,0.5930724,-0.1659264,-0.7878664,47.2674,53.33599,60.77208,58.43398,45.81116,18.36592,17.54312,17.22968,16.39513,14.56344,TRUE,TRUE,TRUE,TRUE,TRUE,
5,15.38181,60.20716,75.09681,102.4567,121.2054,126.6732,-56.61814,73.08904,31.71206,-39.47053,141.9742,-43.93018,9.408712,141.1637,-58.76691,51.88647,125.8145,-46.89382,76.54678,103.2944,-16.8233,-58.25982,72.43581,33.33041,-39.31097,142.831,-43.8247,9.812476,141.649,-58.64395,52.48059,125.7827,-46.55801,77.3809,102.3738,-15.89038,-0.5473862,-0.4474053,-0.7072459,-0.3128964,0.2794248,-0.9077542,0.07709526,0.2497436,-0.965238,0.3693047,0.08479762,-0.9254315,0.5906644,-0.1573061,-0.7914356,47.2674,53.33599,60.77208,58.43398,45.81116,18.36592,17.54312,17.22968,16.39513,14.56344,TRUE,TRUE,TRUE,TRUE,TRUE,
5,15.39818,60.05137,66.21538,89.05868,113.5318,121.3895,-56.41077,74.17181,31.48041,-40.26582,142.5164,-44.50451,8.559244,141.927,-59.57582,51.08065,127.0489,-47.84879,76.06233,104.8253,-17.80745,-57.98298,72.7725,32.94397,-40.10145,143.0041,-44.4787,8.973287,142.192,-59.47647,51.66736,127.0548,-47.51915,76.94809,104.0817,-16.95739,-0.5417767,-0.4565484,-0.7057207,-0.3200572,0.2620872,-0.910425,0.06979761,0.2367385,-0.969063,0.3617755,0.07993124,-0.9288324,0.5860656,-0.1586521,-0.7945795,47.2674,53.33599,60.77208,58.43398,45.81116,18.36592,17.54312,17.22968,16.39513,14.56344,TRUE,TRUE,TRUE,TRUE,TRUE,
5,15.41473,70.00706,70.08739,83.65101,101.8479,111.8002,-55.49108,74.90558,31.43453,-41.23172,141.8793,-45.48768,7.538764,141.1221,-60.9131,49.96365,127.1333,-49.22355,75.43797,105.8378,-18.97033,-57.38623,73.20786,32.50514,-40.92888,142.1801,-45.38044,8.108931,141.2964,-60.63566,50.63265,127.1935,-48.70331,76.37231,105.2712,-18.0589,-0.5242407,-0.4813426,-0.702482,-0.3292989,0.228849,-0.9160733,0.06019287,0.2015244,-0.9776322,0.3490259,0.05775663,-0.9353315,0.5782842,-0.1695452,-0.7980237,47.2674,53.33599,60.77208,58.43398,45.81116,18.36592,17.54312,17.22968,16.39513,14.56344,TRUE,TRUE,TRUE,TRUE,TRUE,
5,15.43177,138.61,111.6798,168.9297,123.008,112.6159,-52.91144,74.67962,30.08791,-42.19877,139.9941,-47.27073,6.40186,137.5741,-63.19632,48.63679,125.89,-51.33831,74.61193,106.0211,-20.81121,-56.0067,73.44405,31.65275,-41.7058,140.6083,-46.74092,7.019953,137.946,-62.65756,49.49965,126.372,-50.23257,75.71027,105.6854,-19.30177,-0.4772322,-0.5195533,-0.708741,-0.3380477,0.1885077,-0.9220567,0.04697357,0.1294746,-0.9904695,0.3322525,0.02277173,-0.9429156,0.5641443,-0.1881859,-0.8039449,47.2674,53.33599,60.77208,58.43398,45.81116,18.36592,17.54312,17.22968,16.39513,14.56344,TRUE,TRUE,TRUE,TRUE,TRUE,
5,15.44883,165.3184,218.1028,371.7306,286.6283,180.0615,-50.20518,76.16613,30.31033,-43.19682,135.4975,-50.97047,4.953457,128.587,-67.2559,46.33644,118.8618,-55.11408,72.51635,102.7487,-23.81441,-53.6316,73.98538,30.8448,-42.48178,137.5357,-49.2239,5.553396,129.9213,-66.16095,47.46665,121.7281,-53.10107,74.53445,104.7294,-20.98822,-0.4348399,-0.5955707,-0.675433,-0.3475616,0.105603,-0.9316915,0.02932094,-0.008601887,-0.9995331,0.2992365,-0.09288498,-0.9496472,0.5251531,-0.2627698,-0.8094234,47.2674,53.33599,60.77208,58.43398,45.81116,18.36592,17.54312,17.22968,16.39513,14.56344,TRUE,TRUE,TRUE,TRUE,TRUE,
5,15.46509,359.9294,697.0207,768.9498,661.4131,358.7402,-40.13004,76.20338,28.81013,-28.86075,119.6091,-24.60498,2.417809,102.6418,-35.64733,27.19311,96.66957,-30.61795,55.74264,98.03886,-14.37703,-46.88946,74.85136,29.184,-35.86903,126.0373,-39.38268,5.289013,116.2994,-54.3416,39.20704,112.2062,-46.50304,68.1106,102.9367,-20.23327,-0.3691167,-0.4495069,-0.8134472,-0.2988124,-0.3631604,-0.882511,-0.06793604,-0.4105098,-0.909322,0.03548711,-0.4035598,-0.9142648,0.2523454,-0.3411955,-0.9054874,47.2674,53.33599,60.77208,58.43398,45.81116,18.36592,17.54312,17.22968,16.39513,14.56344,TRUE,TRUE,TRUE,TRUE,TRUE,
3,15.47882,397.5651,1065.209,1232.646,1107.299,638.1554,-39.33981,82.1113,21.87406,-25.91997,89.96235,-4.086432,-8.667297,79.0871,-11.09227,12.95672,77.80697,-13.63931,44.28013,88.12879,-9.257685,-42.94237,77.1394,25.391,-32.21705,110.1389,-30.32642,-0.296583,100.0151,-42.00766,28.52307,98.48483,-37.75495,58.60583,96.87224,-17.8106,-0.2543692,-0.419501,-0.8713869,-0.2356398,-0.7997156,-0.5522036,-0.2102657,-0.7750626,-0.5958744,-0.1696193,-0.7171933,-0.6759164,0.05934303,-0.5569596,-0.8284168,47.2674,53.33599,60.77208,58.43398,45.81116,18.36592,17.54312,17.22968,16.39513,14.56344,FALSE,FALSE,TRUE,TRUE,TRUE,
0,15.49866,518.1395,945.278,1128.265,1075.682,1093.335,-29.79985,88.53078,17.196,-22.42125,86.52327,1.827135,-8.86211,78.28751,0.9220804,10.49751,74.91233,-0.09530323,28.05996,82.73465,20.59858,-34.49324,82.69402,19.75411,-26.82626,97.22974,-17.18918,-4.135221,88.02802,-24.84107,19.91189,85.94016,-22.6388,45.1235,87.38214,-6.251071,-0.0715453,-0.399584,-0.9139004,-0.2167154,-0.9511601,-0.2198382,-0.3317074,-0.9204602,-0.206696,-0.3279403,-0.8644522,-0.3810216,-0.3554842,-0.8114427,-0.4638876,47.2674,53.33599,60.77208,58.43398,45.81116,18.36592,17.54312,17.22968,16.39513,14.56344,FALSE,FALSE,FALSE,FALSE,FALSE,
0,15.51672,548.7384,598.2977,662.6085,855.5077,999.2664,-22.91741,95.89391,13.50199,-18.64162,91.69904,0.831405,-5.87379,83.37144,-1.033913,9.856092,77.57581,8.226248,21.97081,82.57475,30.19448,-25.48191,91.09029,15.01426,-22.94876,94.68681,-10.23105,-4.524937,86.14142,-17.06576,16.31179,82.28192,-11.82963,34.35299,83.44925,7.918916,0.0550992,-0.3238225,-0.9445121,-0.2575599,-0.9537056,-0.1552691,-0.4039446,-0.8987637,-0.1704479,-0.4489058,-0.86317,-0.23113,-0.6094743,-0.7698961,-0.1892119,47.2674,53.33599,60.77208,58.43398,45.81116,18.36592,17.54312,17.22968,16.39513,14.56344,FALSE,FALSE,FALSE,FALSE,FALSE,
0,15.53476,439.5301,359.9542,466.2422,713.3391,626.5761,-19.40756,100.2238,11.85719,-16.6427,95.59279,0.2122525,-5.999637,85.74154,0.7313176,7.041126,78.95448,15.75679,21.50285,84.25266,29.83682,-19.66476,97.57951,12.31611,-20.35888,94.91183,-6.602553,-4.752131,85.92223,-13.15001,13.80138,81.00394,-4.589504,29.07909,82.97117,15.89883,0.112463,-0.2844951,-0.9520581,-0.2784884,-0.952436,-0.1237333,-0.446196,-0.8894468,-0.09896203,-0.5255106,-0.8477447,-0.07188559,-0.6790488,-0.7262148,-0.1072606,47.2674,53.33599,60.77208,58.43398,45.81116,18.36592,17.54312,17.22968,16.39513,14.56344,FALSE,FALSE,FALSE,FALSE,FALSE,
0,15.5439,528.0302,327.8971,422.4678,546.1667,483.3899,-18.54938,108.2338,11.21714,-17.86789,105.1479,-0.981765,-8.454809,93.90969,1.36818,5.168575,86.65747,14.19954,20.25489,91.1189,26.98386,-17.65917,103.4734,11.50866,-19.71606,97.31707,-5.534187,-5.148551,86.7316,-11.72126,12.62142,81.81115,-2.213344,27.09778,84.81319,17.90384,0.1438483,-0.19683,-0.9698276,-0.2722841,-0.9399208,-0.2059376,-0.4496386,-0.885566,-0.1166104,-0.5316902,-0.8416402,-0.09459022,-0.6843787,-0.7147132,-0.1442596,47.2674,53.33599,60.77208,58.43398,45.81116,18.36592,17.54312,17.22968,16.39513,14.56344,FALSE,FALSE,FALSE,FALSE,FALSE,
0,15.56194,376.5497,258.8481,426.0894,410.6318,346.888,-10.90801,108.0907,17.04048,-20.61613,108.747,0.4019861,-12.96531,95.14089,7.636958,2.453345,90.25018,14.72395,18.23237,95.02,25.36382,-11.35995,107.2843,14.62799,-19.77731,101.8995,-3.271308,-6.307953,88.01836,-8.86107,10.31206,83.65271,1.656356,23.25907,89.14691,20.67497,0.2352109,-0.2119206,-0.9485597,-0.2593478,-0.9478812,-0.1850943,-0.439895,-0.8980413,-0.003775371,-0.5268477,-0.8492253,-0.03532364,-0.684138,-0.7211676,-0.1089614,47.2674,53.33599,60.77208,58.43398,45.81116,18.36592,17.54312,17.22968,16.39513,14.56344,FALSE,FALSE,FALSE,FALSE,FALSE,
0,15.58003,268.7971,248.3916,313.0917,301.8734,254.0793,-8.151787,107.0455,19.27011,-23.73491,107.7668,4.557554,-16.11435,95.8291,8.903307,-0.5149896,91.29038,15.31826,15.66802,96.41145,24.30909,-7.54883,106.6643,18.00889,-20.87314,103.6239,-0.6943929,-7.651978,89.0038,-6.326377,7.733071,85.36231,5.045596,19.1654,92.8664,22.39382,0.2895504,-0.2380245,-0.9270949,-0.2502412,-0.9649295,-0.07931156,-0.4300903,-0.9018258,0.04162348,-0.523654,-0.8518091,0.01441168,-0.6880723,-0.7228307,-0.06381448,47.2674,53.33599,60.77208,58.43398,45.81116,18.36592,17.54312,17.22968,16.39513,14.56344,FALSE,FALSE,FALSE,FALSE,FALSE,
0,15.5981,175.4942,248.5113,233.7922,243.41,216.7576,-7.656466,105.4576,20.24011,-27.34699,106.1539,7.449809,-19.70256,95.6372,9.085793,-4.123294,90.94222,15.96126,12.1635,96.36216,23.7786,-6.135575,105.1045,19.93914,-22.27404,104.0366,1.518629,-9.609627,90.01168,-3.627289,4.461944,86.80084,8.396628,14.62187,94.93186,23.42325,0.3136951,-0.2654517,-0.9116637,-0.2385803,-0.9711226,0.0006012,-0.4220613,-0.9038603,0.0700065,-0.5181537,-0.8523181,0.07120785,-0.6923674,-0.7215013,0.007954547,47.2674,53.33599,60.77208,58.43398,45.81116,18.36592,17.54312,17.22968,16.39513,14.56344,FALSE,FALSE,FALSE,FALSE,FALSE,
0,15.61635,108.6105,208.0078,178.2064,197.0167,181.3986,-7.335148,105.1189,20.5698,-29.62892,105.896,9.381079,-22.15595,96.26382,8.931744,-6.680131,91.09101,16.81761,9.641841,96.72088,23.47493,-5.596474,104.3396,20.81482,-23.72779,104.1387,3.481984,-12.71651,91.34779,-0.238417,0.6952397,87.96744,11.76274,10.74896,95.84634,24.00108,0.3223992,-0.2743694,-0.9059692,-0.2301598,-0.972065,0.04600048,-0.4195039,-0.9040052,0.08240775,-0.5143471,-0.8494516,0.1178097,-0.6974831,-0.7139201,0.06193132,47.2674,53.33599,60.77208,58.43398,45.81116,18.36592,17.54312,17.22968,16.39513,14.56344,FALSE,FALSE,FALSE,FALSE,FALSE,
0,15.63422,56.06067,144.0432,146.0168,156.3501,151.6006,-7.29142,106.6658,18.89201,-30.99595,107.5442,9.710649,-23.8617,98.57475,7.533103,-8.563222,92.5435,16.80721,7.794289,98.286,22.00875,-5.509929,105.4208,19.82054,-25.29913,104.6048,5.244608,-17.1118,93.85217,3.243582,-3.360876,89.60601,14.64497,7.967311,97.43303,23.2473,0.3193301,-0.2591191,-0.9115292,-0.2283815,-0.9715703,0.06239517,-0.4234865,-0.9025085,0.0783426,-0.5139688,-0.8441178,0.1526475,-0.7039761,-0.7041163,0.09293991,47.2674,53.33599,60.77208,58.43398,45.81116,18.36592,17.54312,17.22968,16.39513,14.56344,FALSE,FALSE,FALSE,FALSE,FALSE,
0,15.64327,50.52438,135.7004,136.8403,146.011,138.8925,-6.848709,106.0107,19.23579,-31.84744,107.6069,10.35201,-24.92932,98.69687,7.838408,-9.693153,92.40115,17.17747,6.668485,97.92835,22.24998,-5.113217,105.1416,19.79061,-26.15136,104.8442,6.151576,-19.53107,95.10756,4.925038,-5.350874,90.21897,15.91965,6.734167,97.44737,23.32078,0.3278316,-0.2738426,-0.9041774,-0.2393288,-0.968188,0.07303302,-0.4347688,-0.8964477,0.08577644,-0.5239989,-0.836124,0.16224,-0.7131525,-0.6926023,0.1082382,47.2674,53.33599,60.77208,58.43398,45.81116,18.36592,17.54312,17.22968,16.39513,14.56344,FALSE,FALSE,FALSE,FALSE,FALSE,
0,15.66136,70.72296,106.7239,126.6514,127.7415,126.4982,-5.3711,105.2107,18.95728,-33.14692,108.8645,10.26116,-26.75175,99.9772,7.261889,-11.81002,93.11919,16.21634,4.589471,97.96923,21.40173,-3.633063,104.2126,19.61659,-28.28639,105.704,8.002479,-23.984,97.61703,7.078891,-9.336162,91.51516,17.19016,4.394986,97.52472,22.66658,0.3518742,-0.305492,-0.8847933,-0.2717131,-0.9577456,0.09431494,-0.4667365,-0.8787088,0.100139,-0.5556853,-0.8145042,0.1667234,-0.739844,-0.6615849,0.1222145,47.2674,53.33599,60.77208,58.43398,45.81116,18.36592,17.54312,17.22968,16.39513,14.56344,FALSE,FALSE,FALSE,FALSE,FALSE,
0,15.67939,60.41134,90.66434,120.9336,117.1249,108.6129,-5.088896,106.0913,17.25401,-33.37754,110.6344,9.243904,-27.29905,101.9514,5.714922,-12.75653,94.51646,14.41679,3.582446,98.8727,20.01508,-3.287236,104.6152,18.38486,-30.5358,107.2779,9.457064,-26.41681,100.0074,7.153605,-11.88709,92.92455,16.58862,3.171167,98.23299,21.47527,0.3569697,-0.307923,-0.8819048,-0.2941252,-0.9504459,0.1007123,-0.489199,-0.8666562,0.09793558,-0.5791138,-0.8006451,0.1536054,-0.7589667,-0.6401344,0.1191534,47.2674,53.33599,60.77208,58.43398,45.81116,18.36592,17.54312,17.22968,16.39513,14.56344,FALSE,FALSE,FALSE,FALSE,FALSE,
0,15.69755,72.4642,57.55984,81.47642,95.60067,92.81496,-5.296824,104.907,15.66902,-33.99469,109.6601,8.102854,-28.02569,101.0545,4.484386,-13.58988,93.61126,13.01774,2.744934,97.93071,18.62582,-3.429448,104.3109,17.37407,-32.28061,108.1293,9.729332,-27.55716,100.4789,6.253682,-13.18366,93.05154,15.35883,2.36329,97.73107,20.18872,0.3545565,-0.3249765,-0.8767439,-0.29979,-0.9460036,0.1233009,-0.4947103,-0.8611169,0.1172147,-0.5854849,-0.7939678,0.1637762,-0.7641892,-0.6314112,0.1316614,47.2674,53.33599,60.77208,58.43398,45.81116,18.36592,17.54312,17.22968,16.39513,14.56344,FALSE,FALSE,FALSE,FALSE,FALSE,
0,15.71558,223.2681,198.5716,223.2848,189.9993,185.2937,-4.368938,97.94731,13.67727,-32.81047,102.6266,6.0283,-27.31523,92.7224,6.144663,-12.67653,87.15163,11.58211,3.487426,91.65583,17.59122,-3.462812,102.0545,16.03525,-32.94681,105.7446,8.84969,-27.98879,95.40844,7.309514,-13.39184,90.49573,13.64388,2.46223,93.98557,18.76934,0.3609796,-0.4044317,-0.8403147,-0.3120567,-0.926742,0.2092127,-0.4954697,-0.8351375,0.2388621,-0.6004086,-0.7744178,0.1994659,-0.7754605,-0.6103787,0.1615514,47.2674,53.33599,60.77208,58.43398,45.81116,18.36592,17.54312,17.22968,16.39513,14.56344,FALSE,FALSE,FALSE,FALSE,FALSE,
0,15.73366,548.3735,535.7059,539.7604,498.9497,509.9628,-5.490884,82.40049,10.28443,-32.70921,86.32816,6.428988,-27.59957,76.82875,6.700706,-12.77306,72.17603,10.8579,3.926795,77.18018,14.08467,-4.237556,92.00208,13.3996,-32.68118,94.83783,8.638126,-27.77874,82.08118,8.488618,-13.1467,80.0798,12.61674,3.295627,82.14647,15.94099,0.3040878,-0.5600404,-0.7706396,-0.295691,-0.8471379,0.4415023,-0.4854708,-0.7605932,0.4310639,-0.598391,-0.7151369,0.3612581,-0.7781428,-0.5735216,0.2560603,47.2674,53.33599,60.77208,58.43398,45.81116,18.36592,17.54312,17.22968,16.39513,14.56344,FALSE,FALSE,FALSE,FALSE,FALSE,
0,15.74272,633.4271,564.0922,552.8716,579.4194,638.8539,-3.882444,78.77482,0.8889127,-30.9255,82.75491,-1.742768,-25.83477,73.44164,-2.041458,-11.04623,68.78194,1.20332,5.830444,73.73959,3.833557,-4.070506,86.80588,8.776052,-31.83558,89.19738,4.958056,-26.70961,76.80368,3.413114,-12.34372,75.12451,8.011187,4.539829,77.67391,9.453348,0.312862,-0.5432186,-0.7791219,-0.285243,-0.8497182,0.4434134,-0.477479,-0.7676576,0.4274525,-0.594944,-0.7274023,0.3419466,-0.7764308,-0.5930207,0.2132642,47.2674,53.33599,60.77208,58.43398,45.81116,18.36592,17.54312,17.22968,16.39513,14.56344,FALSE,FALSE,FALSE,FALSE,FALSE,
0,15.76078,714.9628,690.6583,669.8068,754.7938,774.9154,1.682087,74.79602,-14.22662,-25.36567,76.91571,-16.83961,-19.41169,68.22433,-16.90199,-4.294356,64.78084,-15.97857,12.35118,70.7302,-12.87724,-2.823715,82.77934,3.564263,-28.24986,81.42326,-5.621819,-21.98757,70.33372,-8.429913,-8.525099,69.22652,-3.31873,8.803058,73.2187,-2.918291,0.3870099,-0.4163298,-0.822735,-0.2177712,-0.9161311,0.3365701,-0.4108734,-0.8443991,0.3437634,-0.5370002,-0.8172803,0.2090064,-0.7222694,-0.6889125,0.06104551,47.2674,53.33599,60.77208,58.43398,45.81116,18.36592,17.54312,17.22968,16.39513,14.56344,FALSE,FALSE,FALSE,FALSE,FALSE,
0,15.77886,595.1477,846.0981,1014.215,1025.755,812.2851,-25.23721,71.28373,4.780426,-19.26846,135.6895,-43.45918,12.54696,134.0191,-51.69363,40.08443,120.1003,-44.22715,56.56498,88.98323,-21.09293,-4.454818,77.85106,-0.6030923,-27.79102,79.4157,-15.04025,-19.11074,69.57547,-20.16804,-4.359816,68.35484,-13.56337,15.60522,71.07013,-10.49219,0.08684417,-0.5043923,-0.8590963,-0.3004201,-0.884755,-0.3563094,-0.3993448,-0.8561183,-0.3280017,-0.3955559,-0.8071447,-0.4382384,-0.445154,-0.7922224,-0.4173987,47.2674,53.33599,60.77208,58.43398,45.81116,18.36592,17.54312,17.22968,16.39513,14.56344,FALSE,FALSE,FALSE,FALSE,FALSE,
4,15.79695,1004.824,855.7922,1175.382,1164.497,1027.46,-39.11903,69.69775,27.66908,-24.47546,133.1125,-49.44275,16.83053,129.6176,-60.04885,51.77993,113.3593,-47.17844,72.56462,89.99701,-15.0549,-13.98571,72.98786,8.436465,-28.24534,82.13133,-19.21849,-15.08473,73.76728,-27.04157,6.560677,72.07278,-23.64752,37.21146,70.17651,-12.08967,-0.2077963,-0.6289582,-0.7491544,-0.2994287,-0.4385238,-0.847372,-0.1501285,-0.4791797,-0.8647822,-0.009036021,-0.5277424,-0.8493564,0.1027695,-0.7016916,-0.70503,47.2674,53.33599,60.77208,58.43398,45.81116,18.36592,17.54312,17.22968,16.39513,14.56344,FALSE,TRUE,TRUE,TRUE,TRUE,
4,15.81495,795.3613,853.698,1067.526,1030.543,870.4979,-42.49987,70.97363,34.09246,-27.3464,133.3791,-45.83608,17.75001,126.793,-57.31461,52.79331,111.1357,-43.85339,74.80681,90.36995,-11.19416,-22.7575,71.36163,16.99344,-28.91133,91.85189,-27.16386,-5.839332,86.24076,-38.43906,22.18247,81.85069,-32.30313,58.00723,76.94926,-11.44139,-0.3312061,-0.6186191,-0.7124696,-0.2779311,-0.1260541,-0.9522944,-0.002425401,-0.1914307,-0.9815031,0.187493,-0.3032868,-0.9342716,0.3441821,-0.5180607,-0.7830401,47.2674,53.33599,60.77208,58.43398,45.81116,18.36592,17.54312,17.22968,16.39513,14.56344,FALSE,TRUE,TRUE,TRUE,TRUE,
4,15.83309,549.025,691.3474,825.9346,784.8944,655.4736,-44.77104,72.84103,35.96043,-28.60765,135.1317,-43.94807,18.3436,127.9653,-56.11063,53.89829,112.3828,-42.59332,76.40715,91.52658,-9.795466,-30.19745,71.50879,23.4164,-29.37528,106.8037,-34.52945,3.99866,102.0464,-47.22098,37.54055,94.86163,-38.36779,70.27319,84.94776,-10.4396,-0.4010526,-0.5883906,-0.7021063,-0.2720519,0.03000903,-0.9618146,0.06596337,-0.03306472,-0.997274,0.2733768,-0.1682216,-0.9470832,0.4566109,-0.3987929,-0.7952802,47.2674,53.33599,60.77208,58.43398,45.81116,18.36592,17.54312,17.22968,16.39513,14.56344,FALSE,TRUE,TRUE,TRUE,TRUE,
4,15.85113,372.822,479.3589,578.0958,552.2736,452.1817,-46.60765,74.54333,36.80492,-29.1961,136.4893,-42.90438,18.47179,129.6506,-55.387,55.00397,113.8653,-41.77677,77.48937,92.6253,-9.03299,-36.38611,72.53427,28.2656,-29.74213,121.6227,-39.42045,11.77372,116.4245,-52.38694,48.37507,105.7548,-40.95794,75.81345,90.0519,-9.390858,-0.4406527,-0.5640495,-0.6983362,-0.272935,0.09728007,-0.9571014,0.0945645,0.04983459,-0.9942706,0.3206619,-0.0951276,-0.9424047,0.5116264,-0.3350905,-0.7911718,47.2674,53.33599,60.77208,58.43398,45.81116,18.36592,17.54312,17.22968,16.39513,14.56344,FALSE,TRUE,TRUE,TRUE,TRUE,
5,15.86022,313.7435,379.5793,460.47,447.5291,364.5109,-47.50089,75.42751,37.08178,-29.3441,137.0091,-42.59425,18.46943,130.3207,-55.16171,55.39295,114.518,-41.50583,77.89754,93.14858,-8.776221,-39.18192,73.29522,30.27115,-29.8894,127.2251,-40.80127,14.34081,121.7562,-53.73634,51.68113,109.4646,-41.3398,77.14096,91.53455,-8.996557,-0.4568014,-0.5529003,-0.6968743,-0.2735777,0.110622,-0.9554674,0.09971812,0.06915115,-0.9926099,0.3332366,-0.07534229,-0.9398281,0.5263891,-0.3175778,-0.7887071,47.2674,53.33599,60.77208,58.43398,45.81116,18.36592,17.54312,17.22968,16.39513,14.56344,TRUE,TRUE,TRUE,TRUE,TRUE,
5,15.87832,229.8625,238.8866,290.6318,289.725,234.2625,-49.01142,76.90181,37.60458,-29.47276,137.9202,-42.04496,18.48832,131.5349,-54.80002,56.05368,115.6635,-41.18339,78.63927,93.97714,-8.543942,-44.07345,75.09707,33.55388,-30.03727,134.1163,-41.83978,17.0587,128.334,-54.754,55.17551,113.8416,-41.33853,78.65924,93.27504,-8.559186,-0.4850501,-0.5323492,-0.6937799,-0.2752086,0.1309905,-0.9524189,0.1031812,0.0948005,-0.9901346,0.3476886,-0.04836696,-0.9363617,0.5439008,-0.2949909,-0.7855904,47.2674,53.33599,60.77208,58.43398,45.81116,18.36592,17.54312,17.22968,16.39513,14.56344,TRUE,TRUE,TRUE,TRUE,TRUE,
5,15.89636,156.8699,149.5368,188.493,187.3984,153.5954,-50.00313,77.76167,37.847,-29.55155,138.4248,-41.74688,18.55897,132.4549,-54.60261,56.57178,116.4882,-41.01757,79.25925,94.62786,-8.454886,-47.87994,76.8839,35.82772,-30.0711,136.9285,-41.85633,18.01592,131.333,-54.79567,56.56937,115.8029,-41.10197,79.55111,94.25552,-8.366845,-0.502703,-0.5178664,-0.6921734,-0.2759952,0.1450614,-0.9501494,0.1060125,0.1141232,-0.9877942,0.3562802,-0.03217723,-0.933825,0.5553851,-0.2797968,-0.7831099,47.2674,53.33599,60.77208,58.43398,45.81116,18.36592,17.54312,17.22968,16.39513,14.56344,TRUE,TRUE,TRUE,TRUE,TRUE,
5,15.91448,103.1824,96.96365,123.947,120.9989,103.2044,-50.54229,78.12332,38.11039,-29.65567,138.779,-41.52635,18.52017,133.1656,-54.48784,56.95744,117.0735,-40.94286,79.77111,95.17651,-8.449671,-50.21662,78.07393,37.22187,-30.06912,138.13,-41.61923,18.26223,132.8421,-54.64229,57.25947,116.7852,-40.94515,80.21425,94.9538,-8.311983,-0.5126947,-0.5109356,-0.689992,-0.2759528,0.1586337,-0.9479902,0.106709,0.1290182,-0.9858841,0.3619352,-0.02244399,-0.931933,0.5634491,-0.2691995,-0.7810613,47.2674,53.33599,60.77208,58.43398,45.81116,18.36592,17.54312,17.22968,16.39513,14.56344,TRUE,TRUE,TRUE,TRUE,TRUE,
5,15.93256,67.94822,64.49249,78.24923,79.6759,69.1599,-50.95956,78.2888,38.30283,-29.7347,138.9982,-41.44326,18.45658,133.5567,-54.48004,57.30373,117.4503,-40.91452,80.17455,95.55264,-8.455825,-51.50462,78.71268,38.00301,-30.04905,138.7573,-41.48055,18.28883,133.5815,-54.57557,57.75331,117.3261,-40.85711,80.70671,95.40715,-8.279611,-0.5184315,-0.507935,-0.6879178,-0.2747725,0.1703227,-0.9463035,0.1068519,0.137989,-0.9846531,0.3673716,-0.01571402,-0.9299415,0.5698188,-0.2624618,-0.77873,47.2674,53.33599,60.77208,58.43398,45.81116,18.36592,17.54312,17.22968,16.39513,14.56344,TRUE,TRUE,TRUE,TRUE,TRUE,
5,15.95054,46.88467,42.91092,47.76246,55.71725,46.20613,-51.3287,78.39541,38.46667,-29.86087,139.137,-41.43023,18.31197,133.7553,-54.54503,57.58354,117.7556,-40.92789,80.42941,95.80956,-8.514132,-52.22277,79.02815,38.43903,-30.07981,139.1637,-41.43479,18.18521,133.9198,-54.60697,58.13842,117.7229,-40.82044,80.99632,95.67211,-8.308738,-0.5227168,-0.5064945,-0.6857336,-0.2739467,0.1795072,-0.9448441,0.1059134,0.1428426,-0.9840622,0.3724037,-0.009913276,-0.9280179,0.574007,-0.258662,-0.7769234,47.2674,53.33599,60.77208,58.43398,45.81116,18.36592,17.54312,17.22968,16.39513,14.56344,TRUE,TRUE,TRUE,TRUE,TRUE,
5,15.95964,30.72242,34.65774,38.18138,46.43162,41.2933,-51.32653,78.19093,38.45807,-29.99081,139.1565,-41.43642,18.16484,133.8587,-54.61949,57.64139,117.9502,-41.01682,80.56756,96.03447,-8.635285,-52.39842,79.01144,38.55021,-30.16312,139.2967,-41.42871,18.05245,134.0554,-54.66741,58.23534,117.9299,-40.88332,81.14238,95.88906,-8.410653,-0.5225142,-0.5073516,-0.6852541,-0.2743387,0.1843322,-0.9438008,0.1044637,0.1454902,-0.9838292,0.3735138,-0.00698198,-0.9275984,0.5760418,-0.2553698,-0.7765064,47.2674,53.33599,60.77208,58.43398,45.81116,18.36592,17.54312,17.22968,16.39513,14.56344,TRUE,TRUE,TRUE,TRUE,TRUE,
5,15.97769,19.9693,26.54772,30.70536,34.2831,32.46215,-51.49987,78.04952,38.5169,-30.27593,139.2838,-41.46684,17.87613,134.1221,-54.76987,57.6985,118.2959,-41.18398,80.74277,96.39632,-8.82905,-52.61589,78.89346,38.69225,-30.39382,139.5885,-41.43395,17.78448,134.3897,-54.80121,58.3372,118.3156,-41.03037,81.33836,96.24747,-8.584466,-0.5242674,-0.5082079,-0.6832778,-0.2752998,0.1921811,-0.9419535,0.1029546,0.1513997,-0.9830964,0.3757884,-0.002340174,-0.9267026,0.5796062,-0.2514217,-0.7751411,47.2674,53.33599,60.77208,58.43398,45.81116,18.36592,17.54312,17.22968,16.39513,14.56344,TRUE,TRUE,TRUE,TRUE,TRUE,
5,15.99579,18.07644,22.3722,28.72443,28.96437,29.01582,-51.85023,77.996,38.46708,-30.69802,139.3354,-41.64051,17.44749,134.3671,-55.04535,57.58167,118.696,-41.47599,80.72241,96.84047,-9.169308,-52.8983,78.79125,38.73424,-30.77104,139.739,-41.58352,17.39588,134.6947,-55.0476,58.25487,118.7505,-41.29579,81.33186,96.68637,-8.900497,-0.5265971,-0.5085399,-0.6812361,-0.2765447,0.1967876,-0.9406369,0.1012909,0.1557446,-0.9825903,0.377418,0.002289396,-0.9260402,0.5819834,-0.2472107,-0.7747142,47.2674,53.33599,60.77208,58.43398,45.81116,18.36592,17.54312,17.22968,16.39513,14.56344,TRUE,TRUE,TRUE,TRUE,TRUE,
5,16.01385,19.34194,26.05469,34.69255,34.32067,37.8206,-52.03833,77.52222,38.30347,-31.33353,139.3112,-41.73926,16.79202,134.6605,-55.3756,57.17751,119.1899,-42.00809,80.62185,97.40022,-9.864563,-53.16167,78.43156,38.65337,-31.36585,139.7756,-41.67849,16.79862,134.9805,-55.34994,57.89233,119.1811,-41.76143,81.23734,97.17273,-9.48146,-0.5290045,-0.5077533,-0.6799565,-0.2807618,0.2027843,-0.9381105,0.09674139,0.1618405,-0.9820635,0.3747358,0.008847365,-0.9270894,0.5823016,-0.2389149,-0.7770744,47.2674,53.33599,60.77208,58.43398,45.81116,18.36592,17.54312,17.22968,16.39513,14.56344,TRUE,TRUE,TRUE,TRUE,TRUE,
5,16.03194,31.08994,39.72332,50.78439,54.13819,55.91993,-52.08837,76.85403,37.71141,-32.28978,139.3077,-42.11935,15.81288,135.0943,-56.06981,56.46707,119.9081,-42.99963,80.30157,98.08433,-11.08929,-53.2159,77.79012,38.1928,-32.28765,139.7844,-42.0338,15.9185,135.3683,-55.97093,57.30724,119.7752,-42.58032,81.00275,97.68156,-10.39837,-0.5288373,-0.5083622,-0.6796315,-0.2876404,0.2077167,-0.9349421,0.08998378,0.1684004,-0.9816029,0.370034,0.01736968,-0.9288558,0.5807929,-0.2304694,-0.7807454,47.2674,53.33599,60.77208,58.43398,45.81116,18.36592,17.54312,17.22968,16.39513,14.56344,TRUE,TRUE,TRUE,TRUE,TRUE,
5,16.05004,57.08791,57.61143,71.29868,80.81569,82.70066,-52.0145,75.88036,36.65179,-33.50518,139.2262,-42.79852,14.59566,135.7727,-57.02905,55.54276,121.0522,-44.26999,79.87094,99.27785,-12.62001,-53.15631,77.04321,37.45229,-33.43427,139.7103,-42.65512,14.85753,135.9082,-56.7969,56.56644,120.6046,-43.5718,80.6978,98.37481,-11.40476,-0.5238633,-0.5114455,-0.6811687,-0.295337,0.2109365,-0.9318164,0.0828307,0.176449,-0.9808185,0.3650122,0.02897869,-0.9305516,0.5804436,-0.2175958,-0.7846892,47.2674,53.33599,60.77208,58.43398,45.81116,18.36592,17.54312,17.22968,16.39513,14.56344,TRUE,TRUE,TRUE,TRUE,TRUE,
5,16.0591,84.69749,68.52194,83.6175,95.13789,99.76292,-51.68382,75.02811,35.83968,-34.24192,139.099,-43.27883,13.86308,136.2156,-57.65927,55.00472,121.7582,-45.0854,79.65866,100.1368,-13.59406,-52.88183,76.39902,36.87825,-34.12169,139.5982,-43.0856,14.22364,136.2729,-57.32705,56.11687,121.1124,-44.19515,80.53759,98.85771,-12.01421,-0.5146483,-0.5170218,-0.6839777,-0.30013,0.2126508,-0.9298934,0.07838521,0.1818543,-0.9801963,0.3613832,0.03432629,-0.9317853,0.5804223,-0.2088697,-0.7870727,47.2674,53.33599,60.77208,58.43398,45.81116,18.36592,17.54312,17.22968,16.39513,14.56344,TRUE,TRUE,TRUE,TRUE,TRUE,
5,16.07792,90.36491,82.59216,97.18925,111.068,112.934,-51.17543,74.14267,34.57098,-35.85225,139.213,-44.15928,12.22493,136.876,-58.92855,53.57949,122.7915,-46.71933,78.80285,101.4709,-15.45443,-51.99222,75.06651,35.62025,-35.58684,139.5764,-43.91138,12.7957,136.8455,-58.48351,54.97301,122.0009,-45.56443,80.07497,99.84074,-13.32158,-0.4974864,-0.5297034,-0.6869655,-0.3100063,0.2116452,-0.9268778,0.06885514,0.181162,-0.9810399,0.3511911,0.03495568,-0.9356511,0.5760382,-0.2025781,-0.791923,47.2674,53.33599,60.77208,58.43398,45.81116,18.36592,17.54312,17.22968,16.39513,14.56344,TRUE,TRUE,TRUE,TRUE,TRUE,
5,16.08903,49.17218,87.76329,100.5376,114.6606,112.6451,-51.69628,74.81918,34.47061,-36.81226,139.4078,-44.6627,11.22078,136.8389,-59.6969,52.57027,122.9846,-47.62422,77.99876,101.8842,-16.38969,-51.9713,75.02014,35.32177,-36.4549,139.6635,-44.38867,11.91084,136.8183,-59.19734,54.15964,122.3038,-46.36316,79.66177,100.2847,-14.0469,-0.5008907,-0.5330005,-0.681923,-0.3153573,0.2032051,-0.9269614,0.06341857,0.1689633,-0.9835799,0.3445299,0.02777927,-0.9383643,0.5714653,-0.2065503,-0.7942067,47.2674,53.33599,60.77208,58.43398,45.81116,18.36592,17.54312,17.22968,16.39513,14.56344,TRUE,TRUE,TRUE,TRUE,TRUE,
5,16.11516,47.10907,86.96323,107.873,117.9238,109.2975,-50.92764,74.51594,33.7049,-38.6464,138.8354,-45.75668,9.300607,135.7275,-61.42274,50.50873,123.1715,-49.72181,76.78281,102.9885,-18.61575,-51.45628,74.64169,34.6106,-38.16187,139.0595,-45.43863,10.10528,135.7438,-60.85305,52.23664,122.6453,-48.23692,78.76449,101.2249,-15.68774,-0.4842903,-0.552488,-0.6783952,-0.3296015,0.180256,-0.9267527,0.0479743,0.1295929,-0.990406,0.3231474,0.009234605,-0.9463036,0.5592718,-0.2101178,-0.8019137,47.2674,53.33599,60.77208,58.43398,45.81116,18.36592,17.54312,17.22968,16.39513,14.56344,TRUE,TRUE,TRUE,TRUE,TRUE,
5,16.13137,37.66052,87.11808,128.4083,120.2384,102.6067,-50.71028,75.17168,33.7547,-39.6057,138.1616,-46.34789,8.289025,133.8273,-62.30809,49.0781,122.4507,-50.71466,75.7533,103.0926,-19.57883,-51.13148,74.70081,34.33084,-39.07951,138.3228,-46.04763,9.00342,133.8243,-61.89124,50.79466,122.2851,-49.36038,78.09963,101.5875,-16.58137,-0.4763176,-0.5650823,-0.6736494,-0.3365223,0.153739,-0.9290409,0.03982912,0.08393908,-0.9956746,0.3070937,-0.01578745,-0.9515483,0.5470085,-0.2217683,-0.8072178,47.2674,53.33599,60.77208,58.43398,45.81116,18.36592,17.54312,17.22968,16.39513,14.56344,TRUE,TRUE,TRUE,TRUE,TRUE,
5,16.14778,59.59886,85.01366,147.2183,128.041,102.2141,-49.94537,75.62224,33.29262,-40.33507,137.3851,-46.86232,7.541435,131.5486,-62.97403,47.5946,121.3778,-51.54399,74.63233,102.9618,-20.48509,-50.59133,74.84013,33.93462,-39.82588,137.4448,-46.5874,8.077747,131.2587,-62.75964,49.06478,121.4422,-50.4827,77.33164,101.8208,-17.44575,-0.4590354,-0.5756555,-0.6766884,-0.3418671,0.1276756,-0.9310348,0.03325887,0.03519269,-0.998827,0.2878658,-0.04451372,-0.9566357,0.5302974,-0.2333502,-0.8150659,47.2674,53.33599,60.77208,58.43398,45.81116,18.36592,17.54312,17.22968,16.39513,14.56344,TRUE,TRUE,TRUE,TRUE,TRUE,
5,16.16426,102.9706,84.18566,170.3076,149.2084,114.8715,-48.12457,75.60176,32.51268,-41.05734,136.4972,-47.24168,6.908238,128.7087,-63.42363,45.74445,119.819,-52.26048,73.14038,102.5995,-21.43835,-49.51577,74.89091,33.32266,-40.52579,136.4655,-47.03267,7.325902,128.0213,-63.38831,46.92577,119.9847,-51.54366,76.29844,101.9199,-18.40507,-0.4283148,-0.5906301,-0.6838878,-0.3470584,0.1024739,-0.9322283,0.02853773,-0.0192427,-0.9994075,0.2624424,-0.08092193,-0.9615486,0.5050173,-0.2491813,-0.8263572,47.2674,53.33599,60.77208,58.43398,45.81116,18.36592,17.54312,17.22968,16.39513,14.56344,TRUE,TRUE,TRUE,TRUE,TRUE,
5,16.18043,135.472,78.73363,208.6818,198.006,149.3978,-45.91439,76.48973,32.05664,-41.84032,135.8256,-47.53386,5.992446,124.9829,-63.63964,43.29145,116.9198,-52.80082,70.79095,101.5387,-22.3922,-47.80611,75.14854,32.60538,-41.23471,135.6083,-47.37959,6.383556,123.9116,-63.69487,44.14257,117.2763,-52.44302,74.65202,101.7344,-19.57705,-0.3934039,-0.6103238,-0.6875597,-0.3525321,0.07470926,-0.9328128,0.01949116,-0.08853097,-0.9958827,0.2290638,-0.1399867,-0.9632931,0.4650458,-0.27936,-0.8400538,47.2674,53.33599,60.77208,58.43398,45.81116,18.36592,17.54312,17.22968,16.39513,14.56344,TRUE,TRUE,TRUE,TRUE,TRUE,
4,16.1963,157.5572,54.00968,201.8163,261.199,200.9251,-43.57681,77.46975,31.41501,-42.48113,136.202,-47.71569,5.018503,122.1518,-63.6343,40.21838,112.9871,-52.93078,67.50728,99.73696,-23.3254,-45.52089,75.58556,31.79846,-41.85265,135.3782,-47.6213,5.350266,120.5098,-63.68819,40.53488,113.0173,-52.92802,71.94748,100.9855,-21.02136,-0.3588314,-0.6272363,-0.6912414,-0.3548607,0.06032962,-0.9329706,0.01130448,-0.1396851,-0.9901314,0.1880154,-0.2117386,-0.9590709,0.4118139,-0.3150144,-0.8550879,47.2674,53.33599,60.77208,58.43398,45.81116,18.36592,17.54312,17.22968,16.39513,14.56344,FALSE,TRUE,TRUE,TRUE,TRUE,
4,16.21149,168.9175,42.06521,205.7351,323.0309,255.5851,-41.22242,77.64304,30.44301,-42.80807,136.1876,-48.02005,4.070696,119.0797,-63.62434,37.10643,107.8964,-52.80529,64.1067,96.1538,-23.84808,-42.97873,75.89301,30.87555,-42.26143,135.2702,-47.85458,4.290391,117.304,-63.60392,36.64808,107.3589,-52.93202,68.15569,98.86163,-22.47906,-0.3285719,-0.6377431,-0.6966522,-0.3540672,0.05419953,-0.9336482,0.002212268,-0.1767126,-0.98426,0.1476228,-0.2762197,-0.9496895,0.3596108,-0.3603694,-0.8607055,47.2674,53.33599,60.77208,58.43398,45.81116,18.36592,17.54312,17.22968,16.39513,14.56344,FALSE,TRUE,TRUE,TRUE,TRUE,
4,16.22608,149.6467,1434.909,1701.301,444.4011,312.8895,-39.42858,77.941,30.32165,-43.15923,85.17767,-1.05613,-22.7632,72.42084,-5.352947,32.94791,100.5765,-51.9051,60.39577,92.11357,-24.16116,-40.56564,76.20082,30.23282,-49.27144,99.49608,-31.51954,-17.12897,80.02074,-40.13376,32.08218,99.50887,-52.05536,63.25921,95.10857,-23.72939,-0.3107,-0.6518146,-0.6918116,-0.4772316,-0.7172695,-0.5077148,-0.3520252,-0.7980108,-0.4891391,0.0886237,-0.3724129,-0.923826,0.2970961,-0.4142575,-0.860305,47.2674,53.33599,60.77208,58.43398,45.81116,18.36592,17.54312,17.22968,16.39513,14.56344,FALSE,TRUE,TRUE,TRUE,TRUE,
1,16.24858,451.9655,823.1904,932.5033,775.4608,1023.171,-32.09275,86.4151,18.14662,-35.00458,87.33878,-0.6872514,-20.83414,76.53799,-2.786463,13.51303,85.67253,-7.863218,22.27054,79.021,16.02554,-35.62572,80.12414,25.06659,-41.43465,91.31201,-16.50386,-19.90759,77.70511,-21.36981,30.23078,98.90243,-42.1515,40.3815,81.80722,-8.376618,-0.1449102,-0.4862159,-0.8617396,-0.3764086,-0.8939329,-0.2433117,-0.4441608,-0.868494,-0.2200896,-0.136503,-0.6257696,-0.767971,-0.3825643,-0.7950773,-0.4706344,47.2674,53.33599,60.77208,58.43398,45.81116,18.36592,17.54312,17.22968,16.39513,14.56344,FALSE,FALSE,FALSE,TRUE,FALSE,
0,16.2667,519.3679,515.7684,514.3845,1151.415,800.2613,-26.56389,93.62904,12.31187,-27.76059,95.95893,-5.667617,-14.92544,84.28278,-6.692808,1.400637,77.43805,8.759381,21.09039,80.07213,18.4235,-33.36841,81.95701,22.41925,-34.0204,93.54159,-12.55105,-17.45227,80.11932,-16.74669,18.0105,86.33753,-23.90222,31.52692,79.77391,2.617712,-0.0582564,-0.3878425,-0.9198828,-0.407875,-0.8864502,-0.2187327,-0.5186159,-0.8307766,-0.2021083,-0.4742519,-0.7834346,-0.4016408,-0.5980288,-0.722878,-0.3461342,47.2674,53.33599,60.77208,58.43398,45.81116,18.36592,17.54312,17.22968,16.39513,14.56344,FALSE,FALSE,FALSE,FALSE,FALSE,
0,16.27572,598.9052,457.4994,472.4014,921.7186,678.0598,-25.76887,101.8257,10.64958,-27.90132,106.4851,-6.861502,-14.86939,95.30656,-9.012828,0.9638472,86.58028,5.668111,19.50281,88.89427,16.91092,-29.4865,89.19701,17.72621,-31.74116,98.83179,-11.56794,-16.69741,83.70023,-15.70585,14.0496,87.3266,-18.24836,28.34975,82.68214,5.755557,-0.03943788,-0.2880346,-0.9568076,-0.3800349,-0.8800123,-0.2848717,-0.5020283,-0.8272139,-0.2523583,-0.5144182,-0.7825341,-0.3507339,-0.6390295,-0.6987939,-0.3214471,47.2674,53.33599,60.77208,58.43398,45.81116,18.36592,17.54312,17.22968,16.39513,14.56344,FALSE,FALSE,FALSE,FALSE,FALSE,
0,16.29377,528.0224,541.3643,583.9103,754.5748,582.297,-25.56266,112.1878,12.54268,-29.82112,119.8447,-3.194425,-19.55108,106.0041,-3.345281,-2.020519,96.80336,5.148829,15.57328,97.05791,16.52922,-25.06739,103.7772,13.43622,-30.19554,111.2977,-7.838486,-17.34712,91.64088,-11.91307,8.131052,91.73003,-10.4317,22.04108,90.03929,10.43499,-0.05552632,-0.1741851,-0.9831462,-0.4359126,-0.838083,-0.3280199,-0.5734797,-0.7914661,-0.2114296,-0.6157168,-0.7361337,-0.2810694,-0.7284293,-0.6192073,-0.2932116,47.2674,53.33599,60.77208,58.43398,45.81116,18.36592,17.54312,17.22968,16.39513,14.56344,FALSE,FALSE,FALSE,FALSE,FALSE,
0,16.3119,307.368,384.1702,430.3756,555.8757,393.8728,-24.421,113.4904,13.37994,-31.14815,119.4997,2.431194,-21.54333,107.5688,0.02573121,-4.101594,98.28566,6.80708,13.7384,98.86236,17.12319,-22.99564,110.4218,12.9295,-30.70184,115.518,-2.994335,-18.80783,97.07578,-7.967375,3.885739,94.29042,-4.928723,17.28163,95.14796,13.63035,-0.05050822,-0.161588,-0.9855649,-0.4393818,-0.8731569,-0.2110464,-0.5908098,-0.7939922,-0.1432488,-0.6510355,-0.7334811,-0.1953411,-0.7562047,-0.6051039,-0.2490055,47.2674,53.33599,60.77208,58.43398,45.81116,18.36592,17.54312,17.22968,16.39513,14.56344,FALSE,FALSE,FALSE,FALSE,FALSE,
0,16.32996,215.5765,313.1959,334.42,446.1838,313.0557,-23.94607,115.4651,14.12701,-32.4065,121.979,5.139091,-23.40648,110.3214,2.071692,-6.78165,100.3403,9.415343,11.23769,100.6456,18.12177,-22.10823,113.2126,13.46668,-31.25418,117.1701,0.01199268,-20.12441,100.4383,-4.837892,0.7867308,95.76176,-0.7285601,13.68867,98.04755,16.1659,-0.05654736,-0.1422091,-0.9882201,-0.4556626,-0.8718207,-0.1797225,-0.6116599,-0.7820294,-0.119592,-0.6827744,-0.721365,-0.1159811,-0.7883117,-0.5844485,-0.1923138,47.2674,53.33599,60.77208,58.43398,45.81116,18.36592,17.54312,17.22968,16.39513,14.56344,FALSE,FALSE,FALSE,FALSE,FALSE,
0,16.34807,128.6131,266.843,241.5807,338.1738,238.8753,-23.66088,116.2274,14.63347,-33.71115,122.6854,8.696881,-25.14893,112.4943,2.930817,-9.396912,101.6279,11.44576,8.892648,101.81,18.96644,-21.89093,114.5991,14.17143,-31.895,118.3363,2.432406,-21.73232,103.8937,-2.152831,-2.055923,97.22088,2.733279,10.40948,100.1778,18.16405,-0.06054218,-0.1383473,-0.9885316,-0.4588112,-0.8817105,-0.1099036,-0.6275889,-0.7703536,-0.1126387,-0.6989341,-0.7124319,-0.06270494,-0.8096201,-0.5693274,-0.1427642,47.2674,53.33599,60.77208,58.43398,45.81116,18.36592,17.54312,17.22968,16.39513,14.56344,FALSE,FALSE,FALSE,FALSE,FALSE,
0,16.36621,59.5077,190.9689,159.5966,241.5381,166.3817,-23.06641,115.6716,14.88393,-34.29616,122.4752,10.68658,-26.06315,113.0664,3.679722,-10.93642,101.7095,13.11532,7.572949,102.0372,19.63855,-21.4677,114.2008,14.60118,-32.28482,118.8172,3.974476,-23.27073,106.737,0.1387935,-4.401312,98.21562,5.573884,8.215364,101.1428,19.50555,-0.0550943,-0.1483768,-0.987395,-0.4565584,-0.8869635,-0.06964346,-0.633444,-0.7675099,-0.09837316,-0.7031424,-0.710662,-0.0234584,-0.8188462,-0.5631381,-0.1112041,47.2674,53.33599,60.77208,58.43398,45.81116,18.36592,17.54312,17.22968,16.39513,14.56344,FALSE,FALSE,FALSE,FALSE,FALSE,
0,16.36621,59.5077,190.9689,159.5966,241.5381,166.3817,-23.06641,115.6716,14.88393,-34.29616,122.4752,10.68658,-26.06315,113.0664,3.679722,-10.93642,101.7095,13.11532,7.572949,102.0372,19.63855,-21.4677,114.2008,14.60118,-32.28482,118.8172,3.974476,-23.27073,106.737,0.1387935,-4.401312,98.21562,5.573884,8.215364,101.1428,19.50555,-0.0550943,-0.1483768,-0.987395,-0.4565584,-0.8869635,-0.06964346,-0.633444,-0.7675099,-0.09837316,-0.7031424,-0.710662,-0.0234584,-0.8188462,-0.5631381,-0.1112041,47.2674,53.33599,60.77208,58.43398,45.81116,18.36592,17.54312,17.22968,16.39513,14.56344,FALSE,FALSE,FALSE,FALSE,FALSE,
0,16.39322,27.36139,98.50426,90.10792,124.5181,106.9166,-22.95263,115.7911,15.0505,-34.89384,123.096,11.5702,-26.88455,113.9419,4.171393,-12.10356,102.2477,13.82233,6.188722,102.3557,20.63553,-21.37389,114.2291,14.89789,-32.62245,119.2111,5.135534,-25.42837,110.3081,2.946647,-7.374537,99.43336,8.94679,6.034369,101.717,21.20657,-0.05253878,-0.1510503,-0.9871289,-0.4605859,-0.8856939,-0.05836911,-0.6395878,-0.7632945,-0.09115414,-0.7078032,-0.7063453,-0.009528636,-0.8279434,-0.5559692,-0.07353872,47.2674,53.33599,60.77208,58.43398,45.81116,18.36592,17.54312,17.22968,16.39513,14.56344,FALSE,FALSE,FALSE,FALSE,FALSE,
0,16.4113,72.58443,112.4216,126.8865,130.0838,110.0718,-22.94687,117.8184,14.86006,-35.34128,125.5574,12.15662,-27.53764,116.8441,4.137982,-13.25536,104.2799,14.61121,5.059027,104.2946,20.80368,-21.44664,115.6075,14.80437,-32.86371,119.6031,5.908909,-26.48143,112.5875,4.043198,-9.059536,100.3326,10.80129,5.065543,102.5536,21.77711,-0.05333595,-0.1289033,-0.9902218,-0.4649792,-0.8825845,-0.06956199,-0.6455475,-0.7565737,-0.1042339,-0.7103661,-0.7037963,0.007130458,-0.8350644,-0.5474737,-0.05422289,47.2674,53.33599,60.77208,58.43398,45.81116,18.36592,17.54312,17.22968,16.39513,14.56344,FALSE,FALSE,FALSE,FALSE,FALSE,
0,16.42936,41.57099,92.37376,104.2818,126.3488,103.2575,-22.55208,117.9118,15.02935,-35.78088,126.4615,12.9804,-28.26591,118.0859,4.379028,-14.62918,104.6435,16.3823,3.636634,104.6944,21.94466,-21.20429,116.2952,14.94695,-33.29785,120.4667,7.20478,-27.6425,115.3879,4.852662,-10.79713,101.3531,12.77697,3.728936,103.5188,22.69909,-0.04661164,-0.1382039,-0.9893063,-0.4729202,-0.8793706,-0.05526096,-0.6550611,-0.7489946,-0.099509,-0.7144001,-0.6982497,0.04560682,-0.8438331,-0.536459,-0.01254493,47.2674,53.33599,60.77208,58.43398,45.81116,18.36592,17.54312,17.22968,16.39513,14.56344,FALSE,FALSE,FALSE,FALSE,FALSE,
0,16.44744,34.43354,84.9827,200.7655,105.8994,90.87663,-21.9071,117.5218,15.63762,-36.39434,127.3617,13.82141,-30.29277,115.8573,10.69785,-15.72887,105.1592,17.42803,2.500641,105.1227,22.65111,-20.61506,116.0278,15.48764,-33.90467,121.661,8.872243,-28.93049,115.2641,7.703406,-12.28084,102.1659,14.4874,2.56055,104.1335,23.51161,-0.03843426,-0.1549761,-0.9871703,-0.4801584,-0.875879,-0.047789,-0.6466206,-0.7625598,0.01960085,-0.7168697,-0.6939682,0.06712691,-0.848736,-0.5285197,0.01772403,47.2674,53.33599,60.77208,58.43398,45.81116,18.36592,17.54312,17.22968,16.39513,14.56344,FALSE,FALSE,FALSE,FALSE,FALSE,
0,16.4656,100.6203,181.8334,179.9695,149.5839,120.2855,-21.5409,121.2428,15.70889,-36.5071,132.9635,14.84301,-31.19777,121.1121,11.46627,-16.95038,109.6959,16.69453,1.125721,108.3708,21.87719,-20.30295,118.9117,15.66564,-34.77789,124.7802,11.19129,-29.96542,116.7526,9.66888,-14.30084,104.5786,16.00848,1.046959,106.5511,23.4331,-0.05490251,-0.117826,-0.9915154,-0.5219672,-0.8491755,-0.08032019,-0.6788217,-0.734261,0.007871398,-0.7460705,-0.6637736,0.05275794,-0.8719211,-0.4886155,0.03175726,47.2674,53.33599,60.77208,58.43398,45.81116,18.36592,17.54312,17.22968,16.39513,14.56344,FALSE,FALSE,FALSE,FALSE,FALSE,
0,16.48358,48.58786,113.8125,119.6711,117.1008,90.33923,-20.97333,120.9474,15.44392,-36.73748,133.4071,15.0406,-31.48496,121.5264,12.01582,-16.9924,110.7518,15.73716,0.99124,109.2357,21.09715,-19.86523,119.211,15.52933,-35.57954,128.0114,13.47256,-30.64747,118.0974,11.03821,-15.95949,107.3308,16.70285,0.5022913,108.0518,22.80296,-0.05310715,-0.1264528,-0.99055,-0.5160233,-0.8531218,-0.07683139,-0.6689258,-0.7427843,0.02845767,-0.7421372,-0.6687117,0.04535448,-0.8683011,-0.4941422,0.04332046,47.2674,53.33599,60.77208,58.43398,45.81116,18.36592,17.54312,17.22968,16.39513,14.56344,FALSE,FALSE,FALSE,FALSE,FALSE,
0,16.5016,279.8795,165.5226,147.2226,128.4549,94.49138,-16.45893,110.0742,14.88911,-39.81292,126.2869,11.19063,-33.34276,114.3889,10.15588,-17.74493,106.3327,12.52419,0.2841681,106.8309,18.35746,-15.74041,109.7525,14.83551,-37.36903,127.1333,13.16916,-31.92976,116.2401,11.51199,-16.7089,107.0844,15.5813,0.1173046,107.1525,21.08316,0.07413089,-0.2937893,-0.9529913,-0.4218199,-0.9065601,-0.01472018,-0.5784516,-0.8084177,0.1088789,-0.6693915,-0.7392491,0.0736606,-0.8117008,-0.5787832,0.07843394,47.2674,53.33599,60.77208,58.43398,45.81116,18.36592,17.54312,17.22968,16.39513,14.56344,FALSE,FALSE,FALSE,FALSE,FALSE,
0,16.51071,322.2047,215.0797,198.221,151.5349,112.2423,-15.32631,106.295,15.1906,-40.24617,122.9568,10.38106,-33.51128,111.1143,10.10581,-17.82684,103.591,12.25726,0.3083086,104.6801,18.00586,-14.23854,105.7196,15.26265,-38.26466,125.4088,12.62422,-32.55888,114.038,11.60076,-16.96975,106.3689,15.00201,0.05243763,106.2677,20.3848,0.1121914,-0.3510108,-0.929626,-0.4034056,-0.9148107,0.01962798,-0.5601848,-0.8154773,0.1455672,-0.6552774,-0.7494817,0.09427942,-0.8020219,-0.5909556,0.08678903,47.2674,53.33599,60.77208,58.43398,45.81116,18.36592,17.54312,17.22968,16.39513,14.56344,FALSE,FALSE,FALSE,FALSE,FALSE,
0,16.52878,392.5326,425.0762,397.6122,358.7274,316.7039,-16.90266,96.72247,13.24555,-38.30619,111.1475,6.391636,-31.63662,99.44394,9.158533,-16.26223,92.39838,11.76987,1.901428,94.30149,17.67507,-16.80062,96.91589,12.46405,-38.25953,117.4579,9.892913,-32.0532,104.8616,11.13776,-16.7535,100.8421,13.6556,0.9825739,99.99363,19.07298,0.1774344,-0.5067841,-0.8436154,-0.4113433,-0.9002174,0.1428471,-0.5679051,-0.7796826,0.2637781,-0.6665941,-0.7267069,0.1659802,-0.8129246,-0.573099,0.1034946,47.2674,53.33599,60.77208,58.43398,45.81116,18.36592,17.54312,17.22968,16.39513,14.56344,FALSE,FALSE,FALSE,FALSE,FALSE,
0,16.54694,644.4304,730.4548,647.537,680.0851,630.9775,-14.00749,85.36261,0.2272998,-33.6816,98.51584,-7.430547,-26.95545,87.34472,-2.35699,-11.36616,81.05264,-2.096032,6.857358,83.43031,4.69543,-15.77951,86.63763,1.930208,-36.35315,106.5683,2.231385,-29.52571,93.01078,5.107877,-15.133,91.42043,7.354004,3.495319,90.42052,11.85819,0.2281673,-0.5695844,-0.7896286,-0.398236,-0.8946792,0.2023787,-0.5562084,-0.7624597,0.3305863,-0.6617969,-0.7354804,0.1452361,-0.804199,-0.5914404,0.05884078,47.2674,53.33599,60.77208,58.43398,45.81116,18.36592,17.54312,17.22968,16.39513,14.56344,FALSE,FALSE,FALSE,FALSE,FALSE,
0,16.56567,840.094,963.431,1036.684,958.5677,729.6503,-0.7731501,79.04334,-16.16401,-21.48151,88.67895,-26.20166,-12.28107,80.41862,-25.06864,4.016629,76.81165,-21.56142,18.72203,80.80302,-8.195975,-4.676555,80.29755,-12.13212,-29.09852,96.68131,-11.29641,-19.9372,84.58963,-11.35041,-7.469991,84.83797,-4.852751,11.05188,85.10779,1.642706,0.5000607,-0.4333345,-0.7497736,-0.2289328,-0.9704821,0.07585764,-0.4301669,-0.9001073,0.06901635,-0.4894753,-0.8641883,-0.1165876,-0.652924,-0.7415431,-0.1542859,47.2674,53.33599,60.77208,58.43398,45.81116,18.36592,17.54312,17.22968,16.39513,14.56344,FALSE,FALSE,FALSE,FALSE,FALSE,
0,16.57471,432.3497,884.5494,1047.562,1082.23,832.4785,-29.66416,90.38242,-7.534222,-23.37103,122.8971,-41.22911,3.149409,105.4647,-44.72565,33.05553,98.00069,-39.62818,44.64154,84.37973,-9.504941,-12.58693,80.85792,-11.05707,-27.86526,96.70895,-17.03773,-16.18191,84.82291,-18.69373,-7.469991,84.83797,-4.852751,17.14046,83.58079,-2.444849,0.2242081,-0.3766214,-0.8988253,-0.2398992,-0.8863893,-0.3959323,-0.3682311,-0.8787111,-0.3037642,-0.3472121,-0.7912599,-0.5033404,-0.4599196,-0.760067,-0.4590991,47.2674,53.33599,60.77208,58.43398,45.81116,18.36592,17.54312,17.22968,16.39513,14.56344,FALSE,FALSE,FALSE,FALSE,FALSE,
0,16.59279,512.2144,678.6594,1001.407,1052.705,863.7533,-38.01817,82.28192,3.397876,-30.86712,129.2516,-44.54731,7.824782,119.694,-53.80514,42.7484,106.4651,-45.54257,58.94166,87.95451,-11.61655,-26.74249,78.8028,-1.718438,-27.75471,99.56921,-23.98656,-12.36112,86.61476,-24.82637,5.133765,86.90378,-17.93576,34.69275,83.39726,-8.14509,-0.03329213,-0.332451,-0.9425327,-0.2365409,-0.5860544,-0.7749766,-0.1515609,-0.6766658,-0.7205225,-0.0420477,-0.6224036,-0.7815663,-0.08581046,-0.7702581,-0.6319329,47.2674,53.33599,60.77208,58.43398,45.81116,18.36592,17.54312,17.22968,16.39513,14.56344,FALSE,FALSE,FALSE,FALSE,FALSE,
3,16.61086,428.6286,577.4014,872.9306,864.2443,695.4652,-39.04378,79.95899,6.579561,-32.94074,130.1102,-43.62923,8.485765,125.8992,-55.23856,45.49894,111.1457,-43.90842,63.06411,90.02216,-12.33808,-34.30773,78.16595,4.037511,-28.74333,104.7859,-29.01102,-5.884405,96.12208,-35.08454,18.72499,93.27228,-28.42245,50.34796,86.09723,-11.42669,-0.1431016,-0.328007,-0.9337738,-0.2862983,-0.3849861,-0.8773933,-0.08324182,-0.4499255,-0.8891782,0.09199521,-0.4907328,-0.86644,0.1037883,-0.7050437,-0.7015279,47.2674,53.33599,60.77208,58.43398,45.81116,18.36592,17.54312,17.22968,16.39513,14.56344,FALSE,TRUE,TRUE,TRUE,FALSE,
4,16.62894,317.4901,472.3614,704.4339,675.0657,516.3526,-40.1188,79.8029,8.892518,-34.02554,132.4255,-42.73378,9.339787,130.8153,-55.58864,47.28186,115.8091,-43.73719,65.43938,91.82263,-12.63293,-37.96262,78.43668,7.255112,-30.39726,112.7779,-33.86733,-0.3584192,107.4487,-43.23758,31.59723,102.5045,-36.36455,60.63261,89.68299,-12.77459,-0.1996987,-0.3344784,-0.921002,-0.3231505,-0.2608336,-0.909692,-0.05101785,-0.291875,-0.9550949,0.1641399,-0.3859682,-0.9077922,0.206727,-0.6546451,-0.7271201,47.2674,53.33599,60.77208,58.43398,45.81116,18.36592,17.54312,17.22968,16.39513,14.56344,FALSE,TRUE,TRUE,TRUE,TRUE,
4,16.647,237.7964,395.4245,556.9926,513.463,362.7327,-40.92773,80.45153,11.43563,-34.69127,135.7932,-41.22742,9.77622,135.5319,-55.05759,48.78959,119.2872,-43.4306,67.03696,93.32743,-12.78137,-39.76421,79.05437,9.812414,-32.41846,123.1274,-37.69688,4.362048,119.8891,-49.26386,41.53162,111.9163,-41.00574,66.11098,92.7495,-13.10847,-0.2387697,-0.338504,-0.910167,-0.3519074,-0.1622907,-0.9218584,-0.03954026,-0.1716245,-0.9843686,0.2056018,-0.3027353,-0.9306338,0.2574998,-0.6119925,-0.7477693,47.2674,53.33599,60.77208,58.43398,45.81116,18.36592,17.54312,17.22968,16.39513,14.56344,FALSE,TRUE,TRUE,TRUE,TRUE,
4,16.66504,186.3642,347.6596,455.2184,381.4115,253.8719,-41.61305,81.18311,13.47577,-34.95967,139.8582,-40.34995,10.38824,139.976,-54.74393,50.06004,121.8298,-43.38438,68.33344,94.66859,-13.08053,-40.75067,79.71419,11.78425,-34.01876,133.5911,-39.67031,7.951645,131.6555,-52.86092,47.72981,119.1842,-42.97402,68.76625,94.9993,-13.45065,-0.2710005,-0.3441461,-0.8989562,-0.3673609,-0.07137166,-0.927336,-0.02888514,-0.07460809,-0.9967945,0.2329104,-0.2448036,-0.9411822,0.2865475,-0.5803701,-0.7622736,47.2674,53.33599,60.77208,58.43398,45.81116,18.36592,17.54312,17.22968,16.39513,14.56344,FALSE,TRUE,TRUE,TRUE,TRUE,
4,16.66504,186.3642,347.6596,455.2184,381.4115,253.8719,-41.61305,81.18311,13.47577,-34.95967,139.8582,-40.34995,10.38824,139.976,-54.74393,50.06004,121.8298,-43.38438,68.33344,94.66859,-13.08053,-40.75067,79.71419,11.78425,-34.01876,133.5911,-39.67031,7.951645,131.6555,-52.86092,47.72981,119.1842,-42.97402,68.76625,94.9993,-13.45065,-0.2710005,-0.3441461,-0.8989562,-0.3673609,-0.07137166,-0.927336,-0.02888514,-0.07460809,-0.9967945,0.2329104,-0.2448036,-0.9411822,0.2865475,-0.5803701,-0.7622736,47.2674,53.33599,60.77208,58.43398,45.81116,18.36592,17.54312,17.22968,16.39513,14.56344,FALSE,TRUE,TRUE,TRUE,TRUE,
4,16.69221,126.6885,248.8521,247.2287,209.5958,168.5311,-42.21389,81.95145,15.69743,-34.92975,144.1419,-39.76516,10.86828,142.2551,-54.76509,51.2033,123.634,-43.48654,70.20255,96.46038,-13.38641,-41.67155,80.47373,13.79326,-34.82987,144.1723,-40.21157,10.76337,141.7336,-54.85226,51.59531,124.4276,-43.70383,71.37418,97.55611,-13.86732,-0.3013739,-0.3566274,-0.8843024,-0.3752294,0.01640461,-0.9267868,-0.02327626,-0.02380642,-0.9994456,0.2505336,-0.2064296,-0.9458434,0.3268892,-0.540764,-0.7750599,47.2674,53.33599,60.77208,58.43398,45.81116,18.36592,17.54312,17.22968,16.39513,14.56344,FALSE,TRUE,TRUE,TRUE,TRUE,
4,16.7103,86.11946,219.2927,261.8167,205.1327,161.5955,-42.1833,81.49185,16.56873,-34.72897,147.2644,-39.71177,12.08816,146.3454,-54.67221,52.64875,126.1681,-43.54309,71.94498,98.29113,-13.6389,-41.84853,80.54029,14.54038,-34.67894,148.4223,-40.12277,12.32051,146.876,-54.97691,53.31888,127.2574,-43.78717,73.22456,99.57343,-14.10271,-0.3083352,-0.3663562,-0.8779023,-0.369139,0.08867388,-0.9251342,0.001611574,0.06264427,-0.9980346,0.2789562,-0.1517768,-0.9482337,0.3668101,-0.4998116,-0.7846265,47.2674,53.33599,60.77208,58.43398,45.81116,18.36592,17.54312,17.22968,16.39513,14.56344,FALSE,TRUE,TRUE,TRUE,TRUE,
4,16.72834,76.83936,175.7433,198.1827,204.4445,167.8699,-42.36106,81.18242,17.68246,-34.6275,149.5636,-39.77485,12.74138,148.4905,-54.75133,54.14656,129.1389,-43.58559,73.819,100.4502,-13.86013,-41.92359,80.51044,15.01476,-34.46858,151.4201,-40.11944,13.29708,150.1832,-54.95834,55.25469,130.7723,-43.76143,75.26315,102.0367,-14.35824,-0.3159643,-0.3802397,-0.8692436,-0.3630523,0.1410146,-0.9210363,0.01481814,0.107993,-0.9940412,0.309963,-0.09017669,-0.9464624,0.4135243,-0.4474377,-0.7929673,47.2674,53.33599,60.77208,58.43398,45.81116,18.36592,17.54312,17.22968,16.39513,14.56344,FALSE,TRUE,TRUE,TRUE,TRUE,
4,16.74641,78.84898,122.591,152.6669,172.024,168.8991,-42.64164,80.87088,19.07949,-34.70175,150.8205,-39.75749,13.17648,150.1575,-54.87058,55.192,131.2644,-43.60911,75.69716,102.6713,-14.07375,-41.97084,80.46275,15.37336,-34.45258,152.9633,-40.07761,13.84922,152.2406,-55.04902,56.3606,133.3446,-43.75383,77.26289,104.52,-14.56583,-0.3258254,-0.395443,-0.8587565,-0.3596429,0.1726485,-0.9169784,0.02628696,0.1507257,-0.9882261,0.3280999,-0.04163417,-0.943725,0.4597389,-0.389236,-0.7982076,47.2674,53.33599,60.77208,58.43398,45.81116,18.36592,17.54312,17.22968,16.39513,14.56344,FALSE,TRUE,TRUE,TRUE,TRUE,
4,16.76451,76.56557,81.70474,108.1357,127.7696,149.1176,-42.94862,80.57755,20.39092,-34.83658,151.5656,-39.77526,13.45132,151.3727,-55.01698,55.87057,132.67,-43.7366,77.15081,104.4528,-14.27287,-42.00637,80.42284,15.63431,-34.5149,153.7146,-40.09412,14.19242,153.657,-55.1719,57.03801,134.9387,-43.84766,78.75764,106.4499,-14.71291,-0.3351614,-0.4091975,-0.8486603,-0.356252,0.1941784,-0.9139909,0.0359116,0.1842071,-0.9822312,0.3414178,-0.004794978,-0.9398994,0.4957815,-0.3389833,-0.7995567,47.2674,53.33599,60.77208,58.43398,45.81116,18.36592,17.54312,17.22968,16.39513,14.56344,FALSE,TRUE,TRUE,TRUE,TRUE,
4,16.78273,85.90235,61.16508,24.94195,59.83052,91.71661,-43.22678,79.62606,22.0257,-35.20286,152.2051,-39.78703,12.84975,150.1246,-55.50724,55.73549,132.3612,-44.13392,77.6492,104.6903,-14.64698,-42.02828,80.35602,15.87367,-34.7956,154.41,-40.10262,13.70123,152.5317,-55.61588,56.88612,134.6943,-44.22296,79.22992,106.7572,-15.06619,-0.3435398,-0.4287699,-0.8355458,-0.3505758,0.2285314,-0.9082235,0.03541642,0.1846034,-0.9821748,0.3464677,0.01292151,-0.9379729,0.5159512,-0.3078056,-0.7994061,47.2674,53.33599,60.77208,58.43398,45.81116,18.36592,17.54312,17.22968,16.39513,14.56344,FALSE,TRUE,TRUE,TRUE,TRUE,
4,16.80064,79.66405,41.48475,17.18352,32.24108,70.16613,-43.16524,79.01304,23.28779,-35.40549,152.6609,-39.81847,12.67451,150.0571,-55.76306,55.70927,132.4471,-44.37049,78.16718,105.395,-14.92314,-42.04128,80.28918,16.08996,-34.94513,154.8044,-40.12391,13.52205,152.3114,-55.82538,56.78424,134.6892,-44.42993,79.64414,107.4334,-15.3131,-0.3483091,-0.443614,-0.8257647,-0.3452374,0.2477009,-0.9052378,0.04053761,0.1995741,-0.9790438,0.3512146,0.02874088,-0.9358538,0.5337771,-0.2756105,-0.7994504,47.2674,53.33599,60.77208,58.43398,45.81116,18.36592,17.54312,17.22968,16.39513,14.56344,FALSE,TRUE,TRUE,TRUE,TRUE,
4,16.80971,74.30507,32.99077,22.6163,24.98878,61.05662,-42.98014,78.73152,23.77357,-35.51194,152.8028,-39.85385,12.71605,150.5024,-55.80907,55.68094,132.541,-44.48037,78.36864,105.7316,-15.04828,-42.04275,80.25612,16.19245,-35.03115,154.8924,-40.16013,13.51427,152.4868,-55.89212,56.7245,134.724,-44.52544,79.79328,107.7378,-15.4161,-0.3483519,-0.450217,-0.8221652,-0.3431992,0.2538769,-0.9043013,0.04533675,0.2146985,-0.9756275,0.3530783,0.03538517,-0.9349244,0.5407815,-0.2627057,-0.7990876,47.2674,53.33599,60.77208,58.43398,45.81116,18.36592,17.54312,17.22968,16.39513,14.56344,FALSE,TRUE,TRUE,TRUE,TRUE,
4,16.82779,68.73388,23.16851,34.63164,24.8172,48.71394,-42.02047,78.05441,24.343,-35.59627,153.1491,-39.94631,12.87778,151.437,-55.88311,55.76332,133.0627,-44.69348,78.71832,106.3746,-15.33236,-42.00536,80.13592,16.50983,-35.0867,155.1052,-40.2528,13.60814,153.1978,-55.96915,56.7355,135.1054,-44.72037,80.03745,108.2835,-15.65993,-0.3414985,-0.4621197,-0.8184279,-0.3390303,0.264661,-0.9027807,0.05353913,0.239522,-0.9694136,0.3575219,0.05183643,-0.9324651,0.5509399,-0.2420248,-0.7986797,47.2674,53.33599,60.77208,58.43398,45.81116,18.36592,17.54312,17.22968,16.39513,14.56344,FALSE,TRUE,TRUE,TRUE,TRUE,
4,16.84587,47.38326,18.85719,19.64726,19.32898,44.18485,-42.21547,78.0659,24.99826,-35.79003,153.4499,-40.0819,12.6717,151.5194,-56.11,55.52619,133.1268,-45.00986,78.89277,106.9925,-15.67473,-41.97618,80.0236,16.83729,-35.25368,155.2481,-40.40353,13.4713,153.3922,-56.14436,56.48096,135.0397,-44.99227,80.1246,108.8096,-15.97018,-0.347757,-0.4680938,-0.8123751,-0.3350748,0.272277,-0.9019923,0.05648055,0.2461534,-0.9675838,0.3588076,0.06071973,-0.9314345,0.5614659,-0.2185024,-0.7981308,47.2674,53.33599,60.77208,58.43398,45.81116,18.36592,17.54312,17.22968,16.39513,14.56344,FALSE,TRUE,TRUE,TRUE,TRUE,
4,16.86434,42.92749,14.32553,18.53771,26.12071,41.09129,-42.13102,78.07879,25.7621,-36.07359,153.6196,-40.15578,12.21923,151.3436,-56.37852,55.07154,133.1133,-45.45059,78.86334,107.6133,-16.20486,-41.93507,79.911,17.17235,-35.41285,155.3237,-40.502,13.18893,153.3194,-56.33023,56.17623,135.0625,-45.27662,80.05088,109.4117,-16.43988,-0.3539835,-0.4750805,-0.8056018,-0.3333025,0.2761133,-0.9014826,0.05490847,0.2459853,-0.9677171,0.3557493,0.06500956,-0.9323176,0.5653521,-0.1996213,-0.8003301,47.2674,53.33599,60.77208,58.43398,45.81116,18.36592,17.54312,17.22968,16.39513,14.56344,FALSE,TRUE,TRUE,TRUE,TRUE,
4,16.87448,37.72554,14.14185,23.34403,31.25314,42.70488,-42.00673,78.03809,26.02106,-36.23981,153.6967,-40.21799,11.9307,151.2673,-56.54756,54.78101,133.1441,-45.73513,78.77467,107.9539,-16.57695,-41.91793,79.86887,17.309,-35.54721,155.3141,-40.56912,12.93741,153.1839,-56.47738,55.93013,135.0317,-45.48833,79.90529,109.684,-16.77443,-0.3560518,-0.4781894,-0.8028462,-0.3327253,0.2776811,-0.9012142,0.05318857,0.2451803,-0.9680173,0.3531567,0.06644756,-0.9332016,0.5652297,-0.1914083,-0.8024202,47.2674,53.33599,60.77208,58.43398,45.81116,18.36592,17.54312,17.22968,16.39513,14.56344,FALSE,TRUE,TRUE,TRUE,TRUE,
4,16.89683,40.2007,29.55351,46.57291,58.62114,63.34999,-42.47335,78.81341,26.8648,-37.16074,154.1158,-40.39013,10.66529,151.1842,-57.21053,53.4542,133.1441,-46.82025,77.92174,108.7383,-17.91678,-41.90142,79.81757,17.53874,-36.23064,155.4599,-40.77179,11.94463,152.9138,-57.03189,55.00305,134.9314,-46.23309,79.21986,110.2298,-17.75531,-0.3694487,-0.4852193,-0.7925086,-0.3371674,0.274131,-0.90065,0.04439032,0.2373946,-0.9703985,0.3412906,0.06181125,-0.9379233,0.5577478,-0.1798853,-0.8102831,47.2674,53.33599,60.77208,58.43398,45.81116,18.36592,17.54312,17.22968,16.39513,14.56344,FALSE,TRUE,TRUE,TRUE,TRUE,
4,16.90904,53.44981,42.14239,60.77563,75.70358,81.12116,-42.90086,79.6712,27.29188,-37.85427,154.634,-40.5531,9.735329,151.3659,-57.72266,52.47303,133.3247,-47.62193,77.20002,109.3416,-18.89042,-41.89927,79.79263,17.79934,-36.7962,155.7281,-40.93098,11.1833,152.9004,-57.45911,54.27502,134.965,-46.8161,78.7211,110.6065,-18.40018,-0.3788058,-0.4886174,-0.7859765,-0.3415439,0.2702195,-0.9001828,0.03727729,0.2302027,-0.9724284,0.332394,0.05629283,-0.9414591,0.5502294,-0.1778017,-0.815864,47.2674,53.33599,60.77208,58.43398,45.81116,18.36592,17.54312,17.22968,16.39513,14.56344,FALSE,TRUE,TRUE,TRUE,TRUE,
4,16.92168,71.68176,55.817,79.27956,96.51488,104.5382,-43.12144,80.91996,27.77457,-38.67884,155.1865,-40.97477,8.663623,151.5757,-58.59283,51.33984,133.6558,-48.79045,76.40748,110.2457,-20.21421,-41.90977,79.81538,18.37186,-37.47847,156.0346,-41.25698,10.31931,152.8808,-58.08953,53.46401,135.0833,-47.55806,78.17111,111.0886,-19.1871,-0.3884064,-0.4957989,-0.7767393,-0.3489379,0.2599353,-0.9003755,0.02704027,0.2154397,-0.9761427,0.320445,0.04580586,-0.9461589,0.5393806,-0.1805609,-0.8224757,47.2674,53.33599,60.77208,58.43398,45.81116,18.36592,17.54312,17.22968,16.39513,14.56344,FALSE,TRUE,TRUE,TRUE,TRUE,
4,16.93574,71.36196,60.36066,96.72671,111.0668,117.9068,-42.79354,81.91682,28.20574,-39.49646,155.1964,-41.55394,7.578235,151.1612,-59.62741,50.14049,133.9085,-50.05762,75.65184,111.2604,-21.58584,-41.89065,79.98875,19.53267,-38.1872,156.0227,-41.72718,9.363569,152.4486,-58.90898,52.5299,135.175,-48.44334,77.57961,111.6486,-20.07431,-0.3911225,-0.5076471,-0.7676703,-0.357031,0.2418459,-0.9022413,0.01439385,0.1875512,-0.9821494,0.3048703,0.03011352,-0.9519177,0.5256712,-0.186332,-0.8300302,47.2674,53.33599,60.77208,58.43398,45.81116,18.36592,17.54312,17.22968,16.39513,14.56344,FALSE,TRUE,TRUE,TRUE,TRUE,
4,16.96497,69.24753,128.9892,210.5783,180.3461,129.5357,-40.80454,82.80692,27.96311,-40.94519,152.0354,-44.35926,5.735057,145.785,-62.80354,47.02307,131.2818,-53.12411,73.70419,111.9766,-24.38542,-40.91455,81.10447,23.2254,-39.36158,154.2357,-43.45038,7.414709,148.4539,-61.44685,50.06854,133.9509,-50.67703,76.31902,112.3442,-21.79207,-0.3648664,-0.5475205,-0.7530563,-0.3671261,0.1708151,-0.9143526,-0.006049953,0.07482233,-0.9971786,0.2594511,-0.04836979,-0.9645442,0.4893344,-0.2166222,-0.8447642,47.2674,53.33599,60.77208,58.43398,45.81116,18.36592,17.54312,17.22968,16.39513,14.56344,FALSE,TRUE,TRUE,TRUE,TRUE,
4,16.97949,90.53496,157.9888,286.734,286.9394,168.3451,-39.26093,83.04044,28.65725,-41.36088,149.4792,-45.42464,4.900616,140.6734,-63.84687,44.22217,126.5315,-54.1277,71.45675,110.6672,-25.69127,-39.52431,81.68793,24.97282,-39.82857,152.4919,-44.40331,6.27494,143.706,-62.87303,47.49588,130.8502,-52.17613,75.23499,112.2071,-22.76524,-0.3447261,-0.5775346,-0.740012,-0.3687024,0.1276259,-0.9207444,-0.01663384,-0.004661197,-0.9998508,0.2139705,-0.1349239,-0.9674772,0.4434755,-0.248891,-0.8610359,47.2674,53.33599,60.77208,58.43398,45.81116,18.36592,17.54312,17.22968,16.39513,14.56344,FALSE,TRUE,TRUE,TRUE,TRUE,
4,16.99425,138.5341,209.9516,353.9307,475.5682,258.2433,-36.67006,81.62985,28.51502,-42.05117,145.7496,-47.19926,3.653511,134.5864,-65.66412,39.96523,117.7656,-55.65494,68.40379,107.057,-28.20125,-37.02,81.27631,26.09347,-40.36637,149.9225,-45.69698,4.794233,136.967,-64.77472,42.46068,122.4132,-54.34431,73.38589,111.1513,-24.28678,-0.3133537,-0.6163691,-0.7224255,-0.3738894,0.09002265,-0.923094,-0.03025141,-0.06921306,-0.9971431,0.1488488,-0.2585891,-0.9544505,0.3848312,-0.297365,-0.8737729,47.2674,53.33599,60.77208,58.43398,45.81116,18.36592,17.54312,17.22968,16.39513,14.56344,FALSE,TRUE,TRUE,TRUE,TRUE,
4,17.00829,101.2385,1603.895,1940.015,825.2949,514.7012,-36.77538,82.14339,30.03985,-40.9542,90.74133,-4.898998,-21.46924,78.33937,-10.10565,33.3042,99.89565,-55.69271,63.07643,95.40919,-29.74934,-35.73906,81.11681,27.41256,-46.77972,109.9115,-34.72837,-13.29157,96.59358,-48.40489,35.81344,106.7606,-55.20675,68.63609,104.9789,-26.92915,-0.3140364,-0.6849297,-0.6574591,-0.483121,-0.7161671,-0.5036852,-0.3720208,-0.7772642,-0.5074061,0.06198638,-0.4497894,-0.890981,0.3007103,-0.4291563,-0.8517031,47.2674,53.33599,60.77208,58.43398,45.81116,18.36592,17.54312,17.22968,16.39513,14.56344,FALSE,TRUE,TRUE,TRUE,TRUE,
0,17.03318,730.2617,1426.531,1546.25,1638.785,1260.293,-24.88302,86.17733,-2.856096,-10.52462,99.49873,25.91464,-2.095217,95.16386,31.73328,12.58565,98.05161,33.90749,26.87197,102.8157,28.35682,-32.49479,82.23016,19.76715,-25.58302,89.87197,-3.581858,-12.62761,83.56203,-11.99123,13.32059,86.83963,-18.74178,38.49178,94.37452,-10.84786,-0.1110494,-0.4301427,-0.8959047,0.1156095,-0.8291956,0.5468721,-0.1327553,-0.7901776,0.5983272,-0.2985063,-0.8516282,0.4308403,-0.4917606,-0.824123,0.2810565,47.2674,53.33599,60.77208,58.43398,45.81116,18.36592,17.54312,17.22968,16.39513,14.56344,FALSE,FALSE,FALSE,FALSE,FALSE,
0,17.05114,602.0318,1012.862,1147.928,1227.991,1026.099,-13.22666,86.90293,-4.968204,-9.775994,99.66227,27.69115,-2.194438,95.89996,33.43027,11.06043,96.24211,32.91312,24.72185,102.3969,31.95267,-26.73573,83.27484,11.79954,-18.50473,90.89402,8.51187,-10.01696,84.69334,0.4785186,11.30566,86.59753,-3.467525,31.25226,94.39269,2.750933,0.03016215,-0.4185363,-0.9076991,0.1891474,-0.576684,0.7947696,-0.05868317,-0.5405685,0.8392508,-0.2428854,-0.6187202,0.7471225,-0.4324312,-0.584173,0.686837,47.2674,53.33599,60.77208,58.43398,45.81116,18.36592,17.54312,17.22968,16.39513,14.56344,FALSE,FALSE,FALSE,FALSE,FALSE,
0,17.06022,553.5053,798.0865,919.5806,1019.682,857.8779,-8.71212,88.37418,-5.842961,-10.35234,100.1978,27.62152,-3.012993,96.23531,33.21681,10.22278,96.70325,33.55239,23.80548,102.4364,32.41766,-23.05828,84.14607,8.2689,-16.89338,92.11358,12.01659,-9.360467,85.53991,3.887717,10.92423,87.26982,0.8874336,29.59464,95.0723,7.166492,0.09347992,-0.4008818,-0.9113481,0.1879923,-0.505846,0.84189,-0.05337437,-0.4737629,0.8790335,-0.2325357,-0.5339963,0.8128807,-0.412812,-0.503812,0.7587883,47.2674,53.33599,60.77208,58.43398,45.81116,18.36592,17.54312,17.22968,16.39513,14.56344,FALSE,FALSE,FALSE,FALSE,FALSE,
0,17.07831,542.4904,471.6248,532.1588,667.1905,593.6654,-4.318237,99.64079,-7.718976,-13.07365,107.1169,26.6851,-6.196563,101.862,31.15154,7.056642,102.0534,33.1679,20.84509,107.2943,32.67853,-15.15523,89.57066,1.630043,-15.75025,95.62926,15.9068,-8.908274,87.49744,7.742216,10.1782,89.26588,6.226086,27.19274,97.46154,13.12274,0.2077625,-0.2831854,-0.936291,0.1601027,-0.5491987,0.8202121,-0.07512523,-0.5330037,0.8427711,-0.2399414,-0.5367398,0.8089119,-0.4068932,-0.5013024,0.7636319,47.2674,53.33599,60.77208,58.43398,45.81116,18.36592,17.54312,17.22968,16.39513,14.56344,FALSE,FALSE,FALSE,FALSE,FALSE,
0,17.09637,406.2238,276.5213,312.1429,419.582,378.1275,-0.06866306,101.929,-7.13209,-14.04986,109.0158,26.29733,-7.329497,103.5011,30.65746,5.900219,103.5004,33.6583,19.78486,108.4635,33.17397,-6.552508,95.94164,-3.124534,-15.41155,98.61044,18.07174,-8.77452,89.25397,10.2552,9.570012,90.99345,9.677039,25.46836,99.64623,17.15433,0.292502,-0.2768661,-0.9153075,0.1446599,-0.5530912,0.8204655,-0.08745461,-0.5323801,0.8419757,-0.2426867,-0.5078446,0.8265573,-0.4017203,-0.4685747,0.7868027,47.2674,53.33599,60.77208,58.43398,45.81116,18.36592,17.54312,17.22968,16.39513,14.56344,FALSE,FALSE,FALSE,FALSE,FALSE,
0,17.11446,263.8184,226.4052,246.7797,319.7474,287.1868,1.277231,103.3823,-4.603433,-15.97529,111.4679,27.71725,-9.645437,105.538,32.02188,3.549916,104.911,35.79084,17.61931,108.9937,35.27581,-0.1409024,100.7004,-4.248163,-15.54645,101.2947,19.94347,-8.892607,91.04539,12.62355,8.915555,92.43484,12.45334,23.97503,101.2871,20.35383,0.3373088,-0.3029581,-0.8913132,0.1063098,-0.5459741,0.8310298,-0.1237036,-0.5170404,0.846975,-0.2709365,-0.4698574,0.8401353,-0.4261392,-0.423338,0.7994938,47.2674,53.33599,60.77208,58.43398,45.81116,18.36592,17.54312,17.22968,16.39513,14.56344,FALSE,FALSE,FALSE,FALSE,FALSE,
0,17.13253,323.1726,324.8559,312.6523,296.5988,232.9282,-3.43662,111.2641,-5.12094,-19.21979,118.1243,28.35761,-13.45495,111.1393,31.83849,-0.2403437,108.7056,35.81044,14.00473,111.0426,34.31162,-0.08011897,106.4398,-4.319449,-16.34969,104.8233,21.87751,-9.523534,93.75445,15.47738,7.9189,94.14901,15.30456,22.14878,102.9177,23.16507,0.2748516,-0.2518806,-0.9279078,0.07200673,-0.6289101,0.7741364,-0.1473594,-0.5709637,0.807642,-0.279468,-0.4928611,0.8240058,-0.4385799,-0.4362443,0.785709,47.2674,53.33599,60.77208,58.43398,45.81116,18.36592,17.54312,17.22968,16.39513,14.56344,FALSE,FALSE,FALSE,FALSE,FALSE,
0,17.1506,319.6815,369.0102,337.87,267.4949,204.5779,-7.076039,117.3976,-2.207902,-21.22358,124.2715,32.38004,-16.45583,116.0483,34.71733,-3.712345,110.8722,37.52279,10.50878,111.0072,34.90208,-4.122435,114.0385,-2.865101,-18.1984,111.4785,25.16084,-11.39747,99.48576,20.29705,5.657754,97.37917,19.79221,18.54038,105.3514,26.75514,0.2433865,-0.243459,-0.9388774,0.007886704,-0.7285509,0.6849464,-0.1870738,-0.6338793,0.7504668,-0.3053025,-0.5397213,0.7845325,-0.4572357,-0.4551683,0.7640402,47.2674,53.33599,60.77208,58.43398,45.81116,18.36592,17.54312,17.22968,16.39513,14.56344,FALSE,FALSE,FALSE,FALSE,FALSE,
0,17.16863,151.4418,255.6991,242.4401,181.2959,144.811,-7.242558,116.0304,-0.1968049,-21.86252,125.7709,34.23651,-17.29483,117.1582,36.89484,-5.080032,111.1379,38.56665,9.009143,110.451,35.49796,-5.336271,114.5742,-0.8166624,-19.93825,117.5213,28.63122,-13.44153,105.4315,25.69971,2.637389,101.2291,25.15999,14.38614,107.5574,30.41476,0.2528332,-0.3019282,-0.9191924,-0.01477285,-0.7414429,0.6708533,-0.1863684,-0.6258112,0.7573818,-0.3141572,-0.5378822,0.7822966,-0.4610125,-0.4430062,0.7689037,47.2674,53.33599,60.77208,58.43398,45.81116,18.36592,17.54312,17.22968,16.39513,14.56344,FALSE,FALSE,FALSE,FALSE,FALSE,
0,17.17771,142.7187,225.1379,218.1486,170.5004,147.1178,-7.274631,115.4192,1.504688,-21.68335,126.3558,35.71499,-17.53963,117.5133,38.48658,-5.677614,110.8969,40.18399,8.374042,109.5061,37.21176,-5.623126,114.1322,0.3379909,-20.49332,119.7239,30.24809,-14.24569,107.6745,28.06952,1.232996,102.7888,27.69968,12.68795,108.0362,32.18348,0.2476018,-0.3248203,-0.9127897,-0.05467921,-0.7375819,0.6730402,-0.2197349,-0.6128704,0.7590168,-0.3451723,-0.5198982,0.7813846,-0.4866848,-0.4174358,0.7673886,47.2674,53.33599,60.77208,58.43398,45.81116,18.36592,17.54312,17.22968,16.39513,14.56344,FALSE,FALSE,FALSE,FALSE,FALSE,
0,17.19583,112.8716,151.4078,146.6623,115.22,108.9256,-7.577905,114.2698,3.049995,-21.6886,126.9428,36.94687,-17.87107,117.9104,39.73423,-6.345533,110.804,41.20139,7.653692,108.8324,38.2451,-6.089882,113.3217,1.773376,-21.16385,122.6041,32.65573,-15.40398,110.7488,31.54382,-1.012865,105.0591,31.66867,10.31456,108.3506,34.76577,0.2392666,-0.3567101,-0.9030556,-0.07889687,-0.7341632,0.6743735,-0.2377976,-0.6029892,0.761483,-0.363204,-0.5068232,0.7818012,-0.496682,-0.3962079,0.7722216,47.2674,53.33599,60.77208,58.43398,45.81116,18.36592,17.54312,17.22968,16.39513,14.56344,FALSE,FALSE,FALSE,FALSE,FALSE,
0,17.21388,91.65161,103.1413,95.77332,68.87625,68.06689,-7.890439,114.5992,3.995935,-21.53668,127.3722,37.78859,-17.7891,118.1622,40.51902,-6.415865,110.8462,41.70004,7.586001,108.7178,38.776,-6.433524,113.1453,2.601357,-21.47645,124.2913,34.2201,-16.07586,112.6064,33.75746,-2.513197,106.5581,34.35942,9.062849,108.4725,36.28247,0.2318874,-0.3494287,-0.9078149,-0.09068701,-0.7490459,0.656282,-0.2453576,-0.6162345,0.748368,-0.3720547,-0.5198105,0.7690074,-0.5007102,-0.405306,0.7648636,47.2674,53.33599,60.77208,58.43398,45.81116,18.36592,17.54312,17.22968,16.39513,14.56344,FALSE,FALSE,FALSE,FALSE,FALSE,
0,17.23199,73.95799,67.18413,59.68556,40.58616,43.63067,-8.189483,114.2367,4.730863,-21.20684,127.5825,38.2484,-17.51028,118.2837,40.98303,-6.209872,110.8208,42.08334,7.785603,108.5489,39.16717,-6.837594,113.0849,3.211732,-21.54274,125.3412,35.24428,-16.41223,113.7329,35.14439,-3.374186,107.47,36.02008,8.523867,108.5008,37.10289,0.2222005,-0.3563305,-0.9075547,-0.0966294,-0.751645,0.6524512,-0.2493143,-0.6172885,0.7461885,-0.3751199,-0.5196776,0.7676069,-0.500061,-0.4024232,0.766808,47.2674,53.33599,60.77208,58.43398,45.81116,18.36592,17.54312,17.22968,16.39513,14.56344,FALSE,FALSE,FALSE,FALSE,FALSE,
0,17.25007,70.99834,44.04131,39.85637,18.11411,29.97763,-8.228973,113.2379,5.716891,-21.02702,127.8943,38.42199,-17.33792,118.5143,41.28259,-6.160142,110.9455,42.11475,7.915118,108.4748,39.52448,-7.088531,112.8555,3.750659,-21.51574,126.0279,35.92715,-16.5949,114.4543,36.03981,-3.882943,108.0246,37.02052,8.307513,108.4687,37.57307,0.218341,-0.3779356,-0.8997177,-0.1032048,-0.7523507,0.6506283,-0.2529061,-0.6142661,0.7474729,-0.3830913,-0.5172294,0.76532,-0.4971484,-0.3941884,0.7729547,47.2674,53.33599,60.77208,58.43398,45.81116,18.36592,17.54312,17.22968,16.39513,14.56344,FALSE,FALSE,FALSE,FALSE,FALSE,
0,17.26807,79.1784,42.66962,37.84981,21.31899,16.63686,-7.823988,112.181,6.763665,-20.93961,128.7458,38.25951,-17.21353,119.1765,41.49313,-6.180968,111.4827,42.06324,7.87877,108.8422,39.57148,-7.175457,112.5614,4.222842,-21.45922,127.0095,36.4911,-16.74287,115.2442,36.91986,-4.562168,108.9037,38.28603,8.207326,108.4931,37.80419,0.2242519,-0.4021084,-0.8877048,-0.1153886,-0.7589096,0.6408913,-0.257989,-0.6140904,0.7458785,-0.3910004,-0.5172605,0.7612886,-0.5016866,-0.3903851,0.771952,47.2674,53.33599,60.77208,58.43398,45.81116,18.36592,17.54312,17.22968,16.39513,14.56344,FALSE,FALSE,FALSE,FALSE,FALSE,
0,17.27716,72.50466,64.47607,54.20732,42.27843,27.87288,-7.398857,112.1715,7.145446,-20.80714,129.8282,38.24449,-17.15806,120.1463,41.45768,-6.24616,112.3287,41.81263,7.784577,109.5511,39.3352,-7.162105,112.4172,4.447949,-21.38511,127.8485,36.74924,-16.82825,115.9193,37.49679,-4.979211,109.6347,38.96365,8.128463,108.5907,37.93689,0.2312037,-0.4137221,-0.880556,-0.1241922,-0.7658167,0.6309525,-0.2641498,-0.6195362,0.7391886,-0.3981798,-0.5222721,0.7541118,-0.5069711,-0.3930311,0.767142,47.2674,53.33599,60.77208,58.43398,45.81116,18.36592,17.54312,17.22968,16.39513,14.56344,FALSE,FALSE,FALSE,FALSE,FALSE,
0,17.29519,68.3317,101.9998,97.79819,81.62923,66.53232,-6.21526,111.9081,7.328884,-20.65459,132.4166,37.43172,-17.45415,122.6774,40.2593,-6.698924,114.4103,40.94685,7.207538,111.2411,38.45969,-6.97024,112.0808,4.928447,-21.17798,130.4068,36.73774,-17.12129,118.2638,38.41551,-5.873625,111.7378,39.79559,7.793175,109.2481,38.08065,0.2491128,-0.4485965,-0.8583146,-0.153941,-0.7668777,0.6230577,-0.2974451,-0.6195523,0.7264168,-0.422051,-0.5155543,0.7457055,-0.5312858,-0.3817444,0.7563112,47.2674,53.33599,60.77208,58.43398,45.81116,18.36592,17.54312,17.22968,16.39513,14.56344,FALSE,FALSE,FALSE,FALSE,FALSE,
0,17.31334,65.70477,142.1268,148.177,131.1002,120.774,-5.263472,112.7478,5.383556,-20.20471,134.6934,34.97451,-17.48497,124.8901,37.43101,-7.029741,116.2005,38.24457,6.753088,112.678,35.76126,-6.56574,111.7651,5.28204,-20.84213,132.9925,35.56332,-17.3967,120.9733,38.17057,-6.55569,113.7929,39.25026,7.402074,110.1751,37.57298,0.2581986,-0.4580336,-0.8506108,-0.1910542,-0.7688938,0.6101645,-0.337327,-0.6203043,0.7081194,-0.4587386,-0.5121748,0.7261101,-0.5724857,-0.3727768,0.7302723,47.2674,53.33599,60.77208,58.43398,45.81116,18.36592,17.54312,17.22968,16.39513,14.56344,FALSE,FALSE,FALSE,FALSE,FALSE,
0,17.33342,117.5763,127.7572,129.9924,160.9946,167.6008,-4.641525,113.2335,2.039506,-20.44613,134.677,31.8428,-17.46056,124.902,34.33207,-7.149628,116.4732,34.23112,6.696441,113.3439,31.71783,-6.214979,111.7366,5.023202,-20.68537,134.3852,33.37126,-17.47738,122.7528,36.83049,-6.933081,115.0356,37.38344,7.148075,110.8834,36.4744,0.2803107,-0.4401006,-0.8530753,-0.1853294,-0.7845886,0.5916703,-0.328303,-0.6369838,0.6974731,-0.4721531,-0.5397156,0.6969782,-0.599184,-0.3975058,0.6949587,47.2674,53.33599,60.77208,58.43398,45.81116,18.36592,17.54312,17.22968,16.39513,14.56344,FALSE,FALSE,FALSE,FALSE,FALSE,
0,17.34367,206.8676,229.1188,201.7747,205.9656,212.7199,-4.618853,107.8219,-0.3729934,-22.03915,129.7176,28.20915,-18.02053,120.5162,31.3035,-6.971421,113.1925,31.35349,7.035415,111.3843,28.49237,-6.063717,111.3768,4.696866,-21.11813,133.2156,31.8476,-17.58277,122.4125,35.90434,-6.981815,114.7689,36.39742,7.115444,110.9203,35.936,0.3104449,-0.468136,-0.8273286,-0.09549873,-0.7550243,0.6487051,-0.2511843,-0.6152418,0.7472509,-0.4083675,-0.5356628,0.739122,-0.5586757,-0.4074715,0.7223908,47.2674,53.33599,60.77208,58.43398,45.81116,18.36592,17.54312,17.22968,16.39513,14.56344,FALSE,FALSE,FALSE,FALSE,FALSE,
0,17.36559,478.9426,483.7038,452.386,389.9724,351.2549,-5.517634,91.33603,-3.773773,-21.48754,115.7326,21.46929,-16.9935,107.6857,24.96575,-4.863714,101.8062,26.66764,9.277987,100.9588,24.17129,-6.107645,106.8389,2.651,-21.51864,126.1879,27.12829,-17.58222,118.373,32.44489,-6.592324,111.371,33.39399,7.282434,109.7506,34.23223,0.299747,-0.5703908,-0.7647262,-0.006917558,-0.6100471,0.7923349,-0.2016009,-0.4915715,0.8471803,-0.352955,-0.4201156,0.8360178,-0.5138258,-0.3073064,0.8009655,47.2674,53.33599,60.77208,58.43398,45.81116,18.36592,17.54312,17.22968,16.39513,14.56344,FALSE,FALSE,FALSE,FALSE,FALSE,
0,17.37642,622.3204,700.9816,679.5081,599.8951,512.7754,0.7803171,85.67908,-12.46222,-19.01645,107.1995,12.12447,-13.7927,99.74061,15.44039,-1.046996,95.56353,17.69575,13.2564,96.78403,16.41596,-4.791689,102.1051,-0.7850301,-20.88449,120.7409,22.63463,-16.89648,114.6339,28.88338,-5.619523,108.4103,30.29905,7.824106,108.4866,32.42604,0.4085311,-0.511226,-0.7561417,0.03165939,-0.6144518,0.7883189,-0.1866861,-0.5316541,0.8261309,-0.3474646,-0.4837204,0.8032951,-0.5165183,-0.3874205,0.7636191,47.2674,53.33599,60.77208,58.43398,45.81116,18.36592,17.54312,17.22968,16.39513,14.56344,FALSE,FALSE,FALSE,FALSE,FALSE,
0,17.3971,360.1312,1138.046,1232.372,1150.197,782.3146,-22.48792,93.50918,-2.081292,-20.10674,138.6247,-37.49411,9.337166,120.5199,-45.70078,28.1473,109.0875,-40.09774,36.82188,99.54314,-18.89277,-5.497971,96.59326,-5.407912,-20.96615,113.8952,11.17269,-15.87833,109.0984,19.40296,-3.850631,103.7653,21.9614,9.168994,106.0936,27.66106,0.2234381,-0.3949168,-0.8911319,-0.1965087,-0.9794278,0.04588513,-0.4003433,-0.9078692,0.1244941,-0.502809,-0.8614355,0.07149704,-0.6699004,-0.7352296,0.1033004,47.2674,53.33599,60.77208,58.43398,45.81116,18.36592,17.54312,17.22968,16.39513,14.56344,FALSE,FALSE,FALSE,FALSE,FALSE,
0,17.41595,548.8506,1017.112,1316.308,1286.571,902.9263,-24.39031,85.08232,10.46482,-25.26552,138.957,-45.24491,17.25924,129.6773,-55.33738,41.83036,118.2199,-46.94276,52.91802,103.3078,-21.30419,-9.738153,92.05008,-1.499602,-21.81274,112.7836,2.251009,-14.99914,107.8138,14.66217,-2.279088,102.4191,17.53721,13.11675,103.9333,21.61671,0.1008735,-0.3480353,-0.9320386,-0.1894106,-0.7013078,-0.6872343,-0.1619606,-0.7499095,-0.6414083,-0.1601956,-0.7480983,-0.6439614,-0.2919086,-0.7874401,-0.5428881,47.2674,53.33599,60.77208,58.43398,45.81116,18.36592,17.54312,17.22968,16.39513,14.56344,FALSE,FALSE,FALSE,FALSE,FALSE,
3,17.43402,416.1879,792.6379,1116.97,1123.896,848.9747,-25.27922,83.02322,11.52873,-27.53408,139.1494,-44.57294,14.92352,137.2244,-56.27402,46.66396,124.4144,-46.07712,60.71951,106.4832,-20.55674,-13.82748,88.8205,2.225448,-22.13656,113.683,-0.5600463,-12.23801,109.0909,6.959106,3.567253,103.6026,8.252563,20.71887,103.1468,13.59719,-0.01651309,-0.3246792,-0.94568,-0.2205853,-0.4187759,-0.880891,-0.04221046,-0.4572943,-0.8883131,0.0421775,-0.5143963,-0.8565148,-0.02787011,-0.6558095,-0.7544118,47.2674,53.33599,60.77208,58.43398,45.81116,18.36592,17.54312,17.22968,16.39513,14.56344,FALSE,TRUE,TRUE,TRUE,FALSE,
3,17.44309,332.7168,702.5469,980.0301,997.1644,781.3651,-25.54884,82.75996,11.5332,-28.55026,140.6468,-44.39763,14.41089,139.5811,-56.52385,47.92135,126.8722,-46.0583,63.54632,108.1446,-20.47251,-15.81038,87.57777,3.770123,-22.55056,114.9954,-3.539771,-10.62807,110.4974,2.742605,7.434094,105.1684,2.88741,26.15727,103.3754,8.730808,-0.04392439,-0.319062,-0.9467154,-0.2405409,-0.3155373,-0.9179196,-0.01709721,-0.3507292,-0.9363208,0.1033177,-0.4263367,-0.8986448,0.06818262,-0.5959979,-0.800086,47.2674,53.33599,60.77208,58.43398,45.81116,18.36592,17.54312,17.22968,16.39513,14.56344,FALSE,TRUE,TRUE,TRUE,FALSE,
4,17.46114,222.4215,549.2751,746.4171,751.401,626.1562,-26.67714,82.88245,11.49708,-30.11137,144.0436,-44.06599,14.49126,144.5269,-56.83475,49.5705,131.2774,-46.26833,67.95383,110.9514,-20.26591,-19.61515,85.70148,6.335819,-23.85164,119.4401,-10.90959,-6.500597,115.3579,-7.619935,17.25573,110.5278,-9.536554,39.81482,105.2584,-1.686834,-0.08965985,-0.3069472,-0.9474938,-0.2749189,-0.1609143,-0.9479062,0.01324516,-0.1844428,-0.982754,0.180064,-0.2899204,-0.9399591,0.212442,-0.499997,-0.8395662,47.2674,53.33599,60.77208,58.43398,45.81116,18.36592,17.54312,17.22968,16.39513,14.56344,FALSE,TRUE,TRUE,TRUE,TRUE,
4,17.47924,168.7562,445.6553,524.6986,559.9388,488.1053,-28.16816,82.97968,11.54818,-31.52347,147.8683,-43.42009,14.28449,147.1743,-56.89613,50.69001,135.2005,-46.52879,71.15878,113.6256,-20.37734,-23.39606,84.42222,8.374283,-26.07968,127.3031,-20.54726,-1.073759,123.2502,-20.79026,29.00997,118.804,-23.09769,54.77363,108.906,-10.93723,-0.1335109,-0.2941027,-0.9464029,-0.3024228,-0.03367695,-0.9525788,0.02502531,-0.08499895,-0.9960667,0.225546,-0.1808919,-0.9572915,0.3150563,-0.4144454,-0.8538001,47.2674,53.33599,60.77208,58.43398,45.81116,18.36592,17.54312,17.22968,16.39513,14.56344,FALSE,TRUE,TRUE,TRUE,TRUE,
4,17.49735,133.5746,339.8609,409.0327,389.9945,362.537,-29.61473,83.12078,11.74177,-32.52215,150.7547,-42.92773,14.43748,150.7464,-56.82685,51.52149,137.4943,-46.68198,73.46827,115.6639,-20.4459,-27.06751,83.71562,9.9079,-28.96378,137.6107,-30.4892,4.98868,133.862,-34.92204,40.04343,127.9902,-34.76951,66.67156,113.2514,-16.89935,-0.1696175,-0.2871319,-0.942754,-0.3182887,0.04837867,-0.9467586,0.03684419,0.007721527,-0.9992912,0.2532924,-0.1163797,-0.9603639,0.3811003,-0.3480296,-0.8565267,47.2674,53.33599,60.77208,58.43398,45.81116,18.36592,17.54312,17.22968,16.39513,14.56344,FALSE,TRUE,TRUE,TRUE,TRUE,
4,17.51541,98.35091,262.3019,340.7499,282.2932,250.4747,-30.5147,82.99869,12.01342,-33.29643,153.3333,-42.56787,14.64294,154.8904,-56.71851,52.30959,139.5965,-46.86174,74.88197,116.9274,-20.69652,-29.65414,83.30605,10.9139,-31.57733,147.3728,-37.62948,10.24083,145.4424,-46.51134,47.83712,135.5941,-42.21196,73.39258,116.5006,-19.66096,-0.1929481,-0.2878351,-0.9380416,-0.3283485,0.1147772,-0.9375572,0.04674329,0.09524141,-0.9943562,0.2734964,-0.06642994,-0.9595764,0.4167682,-0.3091303,-0.8548349,47.2674,53.33599,60.77208,58.43398,45.81116,18.36592,17.54312,17.22968,16.39513,14.56344,FALSE,TRUE,TRUE,TRUE,TRUE,
4,17.53344,75.11283,212.0951,250.8185,219.5026,182.0208,-31.18531,82.57252,12.50896,-34.01207,155.7037,-42.16635,14.42515,157.3802,-56.77512,53.01781,141.7115,-47.14689,76.01048,118.091,-21.14004,-31.13076,82.90941,11.61253,-33.34526,154.3738,-40.88552,13.3398,154.357,-53.24477,52.09765,140.9848,-45.71926,76.50856,118.7042,-20.79929,-0.2120334,-0.294348,-0.9318804,-0.335104,0.1769404,-0.9254174,0.05008409,0.1500873,-0.9874033,0.2913254,-0.01635981,-0.9564841,0.4452716,-0.271881,-0.8531201,47.2674,53.33599,60.77208,58.43398,45.81116,18.36592,17.54312,17.22968,16.39513,14.56344,FALSE,TRUE,TRUE,TRUE,TRUE,
4,17.54251,67.78896,184.0563,213.8512,187.6951,159.1718,-31.52086,82.41174,12.73961,-34.28805,156.6049,-42.04993,14.35054,158.3693,-56.83023,53.26552,142.5199,-47.31442,76.53063,118.7011,-21.34258,-31.64025,82.72874,11.8978,-33.90064,156.6634,-41.4995,14.0831,157.3777,-54.98175,53.22559,142.8134,-46.54985,77.4101,119.6074,-21.11888,-0.2205579,-0.2976535,-0.9288469,-0.3369417,0.1994042,-0.9201675,0.05121616,0.1719457,-0.9837741,0.2974465,0.002475098,-0.9547353,0.4583299,-0.2532825,-0.8519282,47.2674,53.33599,60.77208,58.43398,45.81116,18.36592,17.54312,17.22968,16.39513,14.56344,FALSE,TRUE,TRUE,TRUE,TRUE,
4,17.56057,57.94141,128.4827,181.0323,140.8946,121.8085,-32.17113,82.1611,13.23585,-34.72036,157.7843,-41.93874,14.33283,160.8898,-56.64749,53.68382,143.9459,-47.57671,77.36455,119.742,-21.66821,-32.41052,82.43607,12.39017,-34.54545,159.2478,-41.85274,14.71068,161.88,-56.22907,54.46424,145.26,-47.28611,78.55393,121.0359,-21.54352,-0.2358974,-0.3047297,-0.9227633,-0.338362,0.2293042,-0.9126504,0.05564861,0.222886,-0.9732549,0.3098903,0.03615025,-0.9500848,0.4800472,-0.2204698,-0.8490865,47.2674,53.33599,60.77208,58.43398,45.81116,18.36592,17.54312,17.22968,16.39513,14.56344,FALSE,TRUE,TRUE,TRUE,TRUE,
4,17.57864,64.3143,90.05021,108.6872,115.9746,100.6103,-33.07549,81.8524,14.10921,-35.19156,158.609,-42.03754,13.98237,161.5037,-57.0237,54.0051,145.3067,-47.85592,78.05199,120.7245,-22.00548,-33.1035,82.16897,12.95415,-34.96137,160.5631,-41.94623,14.58541,163.5992,-56.70626,55.05518,147.1116,-47.58837,79.33843,122.3329,-21.91068,-0.2510933,-0.3193799,-0.9137552,-0.3376819,0.2553666,-0.9059574,0.05730914,0.243972,-0.9680874,0.3220761,0.07294329,-0.9438995,0.5030363,-0.1837669,-0.8445023,47.2674,53.33599,60.77208,58.43398,45.81116,18.36592,17.54312,17.22968,16.39513,14.56344,FALSE,TRUE,TRUE,TRUE,TRUE,
4,17.57864,64.3143,90.05021,108.6872,115.9746,100.6103,-33.07549,81.8524,14.10921,-35.19156,158.609,-42.03754,13.98237,161.5037,-57.0237,54.0051,145.3067,-47.85592,78.05199,120.7245,-22.00548,-33.1035,82.16897,12.95415,-34.96137,160.5631,-41.94623,14.58541,163.5992,-56.70626,55.05518,147.1116,-47.58837,79.33843,122.3329,-21.91068,-0.2510933,-0.3193799,-0.9137552,-0.3376819,0.2553666,-0.9059574,0.05730914,0.243972,-0.9680874,0.3220761,0.07294329,-0.9438995,0.5030363,-0.1837669,-0.8445023,47.2674,53.33599,60.77208,58.43398,45.81116,18.36592,17.54312,17.22968,16.39513,14.56344,FALSE,TRUE,TRUE,TRUE,TRUE,
4,17.61479,48.7062,37.08426,33.55897,47.73772,49.96947,-34.20788,81.39344,15.0435,-35.76359,159.0947,-42.18207,13.34575,161.5602,-57.51304,53.94333,146.1491,-48.30957,78.37258,121.6615,-22.5692,-34.20684,81.7441,13.87143,-35.45997,161.2581,-42.0985,13.95354,163.9153,-57.22333,54.994,148.4319,-48.02702,79.68051,123.6491,-22.50894,-0.268459,-0.3349549,-0.9031805,-0.3359485,0.2773965,-0.9001054,0.0569755,0.258065,-0.9644461,0.3283316,0.101521,-0.939091,0.5200411,-0.145886,-0.8415905,47.2674,53.33599,60.77208,58.43398,45.81116,18.36592,17.54312,17.22968,16.39513,14.56344,FALSE,TRUE,TRUE,TRUE,TRUE,
4,17.63288,50.44222,40.21625,27.84081,30.60118,48.33502,-35.01035,81.08411,15.56658,-35.8333,159.8955,-42.25615,13.03004,161.7423,-57.84427,53.76203,146.2158,-48.79709,78.62768,122.3683,-23.01822,-34.71523,81.51183,14.24366,-35.43207,161.9686,-42.16539,13.64347,163.9313,-57.50542,54.74058,148.4248,-48.44224,79.79881,124.2981,-22.91924,-0.281995,-0.3450662,-0.895214,-0.3306274,0.3000019,-0.8948097,0.05721187,0.2697164,-0.9612387,0.3289281,0.1113115,-0.9377719,0.5303813,-0.1196239,-0.839277,47.2674,53.33599,60.77208,58.43398,45.81116,18.36592,17.54312,17.22968,16.39513,14.56344,FALSE,TRUE,TRUE,TRUE,TRUE,
4,17.64188,48.31832,41.49657,33.84484,28.51526,47.33826,-35.44585,80.96737,15.52949,-35.73374,160.3662,-42.23594,13.07351,162.3334,-57.79019,53.79471,146.4683,-48.88353,78.7953,122.7813,-23.13072,-35.02185,81.37864,14.36521,-35.29757,162.4069,-42.13881,13.62287,164.3629,-57.48957,54.6924,148.5435,-48.55535,79.89252,124.6588,-23.04912,-0.2864614,-0.3480925,-0.8926206,-0.3276875,0.3092176,-0.8927516,0.05891697,0.2814377,-0.9577691,0.3296682,0.1167046,-0.9368559,0.5340027,-0.1093831,-0.8383773,47.2674,53.33599,60.77208,58.43398,45.81116,18.36592,17.54312,17.22968,16.39513,14.56344,FALSE,TRUE,TRUE,TRUE,TRUE,
4,17.66001,78.12033,13.67011,28.83328,37.91586,37.59521,-36.79741,81.49709,17.2345,-36.03158,159.9284,-42.56122,12.71892,162.0809,-58.49622,53.52141,145.9268,-49.88549,78.63641,122.0762,-24.11179,-35.825,81.28361,14.86812,-35.45482,162.0357,-42.46345,13.40886,164.4966,-57.92116,54.52332,148.3808,-49.08994,79.79403,124.382,-23.67491,-0.3109325,-0.3727852,-0.8742723,-0.3334008,0.2975615,-0.8945954,0.05386348,0.2833942,-0.9574897,0.3244998,0.116233,-0.9387171,0.5295507,-0.1157426,-0.840345,47.2674,53.33599,60.77208,58.43398,45.81116,18.36592,17.54312,17.22968,16.39513,14.56344,FALSE,TRUE,TRUE,TRUE,TRUE,
4,17.67812,74.60709,12.7016,42.2255,38.32692,35.81799,-37.47646,81.79623,18.54963,-36.1597,159.6907,-42.71778,12.36039,161.1593,-59.15593,53.37252,145.7713,-50.53355,78.73023,122.0189,-24.72632,-36.43235,81.33134,15.50386,-35.5651,161.6825,-42.649,13.10962,163.7384,-58.51797,54.38547,148.2125,-49.54524,79.767,124.1883,-24.12392,-0.32524,-0.3910621,-0.8609816,-0.3361928,0.2928997,-0.8950889,0.04842461,0.2725355,-0.9609264,0.3208689,0.1194552,-0.9395603,0.530059,-0.1104551,-0.8407361,47.2674,53.33599,60.77208,58.43398,45.81116,18.36592,17.54312,17.22968,16.39513,14.56344,FALSE,TRUE,TRUE,TRUE,TRUE,
4,17.6963,58.31703,16.98639,44.71418,41.05354,31.51329,-38.01619,81.92098,19.15269,-36.23203,159.5025,-42.89835,12.16586,160.5894,-59.60343,53.14297,145.4098,-51.05753,78.81642,122.2487,-25.18078,-36.85124,81.36868,15.95763,-35.59066,161.4971,-42.77808,12.91904,163.0789,-58.9684,54.26197,148.0549,-49.85822,79.7636,124.1708,-24.36649,-0.3317413,-0.4026377,-0.8531299,-0.3373529,0.2887214,-0.8960094,0.04602285,0.2655436,-0.9629998,0.3164651,0.1157252,-0.9415187,0.5308993,-0.1022011,-0.8412496,47.2674,53.33599,60.77208,58.43398,45.81116,18.36592,17.54312,17.22968,16.39513,14.56344,FALSE,TRUE,TRUE,TRUE,TRUE,
4,17.70644,50.63524,22.27477,52.24012,47.73219,32.93507,-38.25866,82.00859,19.45609,-36.32507,159.2783,-43.05706,11.98344,160.0833,-59.94959,52.93943,145.0036,-51.44225,78.74855,122.1791,-25.52617,-37.03625,81.39034,16.15952,-35.6293,161.3334,-42.88414,12.78754,162.6336,-59.26706,54.16429,147.8945,-50.06423,79.75101,124.1591,-24.4679,-0.3341018,-0.4095952,-0.8488862,-0.3389805,0.2839387,-0.8969231,0.04350104,0.2585029,-0.9650306,0.3129231,0.1101352,-0.9433713,0.5287659,-0.1024191,-0.8425657,47.2674,53.33599,60.77208,58.43398,45.81116,18.36592,17.54312,17.22968,16.39513,14.56344,FALSE,TRUE,TRUE,TRUE,TRUE,
4,17.72945,41.54239,29.31917,64.6394,61.97986,41.3515,-38.82978,82.44095,20.07635,-36.68074,158.83,-43.45667,11.47143,158.9095,-60.77496,52.31703,143.9293,-52.35147,78.30448,121.7045,-26.33302,-37.37972,81.46356,16.53698,-35.80256,160.9197,-43.18032,12.37573,161.4258,-60.06452,53.81301,147.3023,-50.68673,79.68919,124.0969,-24.66844,-0.3381987,-0.4238226,-0.8402357,-0.3435223,0.2714453,-0.8990605,0.03766518,0.2394877,-0.9701685,0.3043199,0.09395203,-0.9479253,0.5207877,-0.1112171,-0.8464106,47.2674,53.33599,60.77208,58.43398,45.81116,18.36592,17.54312,17.22968,16.39513,14.56344,FALSE,TRUE,TRUE,TRUE,TRUE,
4,17.74217,36.71405,34.59068,76.9642,70.06094,49.69896,-39.08278,82.71514,20.34719,-36.96975,158.5528,-43.75885,11.15775,158.1742,-61.36905,51.8693,143.2974,-52.9871,77.96099,121.4022,-26.92231,-37.54414,81.51929,16.71821,-35.95691,160.6741,-43.38335,12.08823,160.5641,-60.63124,53.5153,146.8264,-51.15945,79.63327,124.0437,-24.79652,-0.3397459,-0.432305,-0.8352755,-0.3471733,0.2631006,-0.9001382,0.03398866,0.2241542,-0.9739608,0.2984504,0.08328183,-0.9507847,0.5148472,-0.1186157,-0.8490363,47.2674,53.33599,60.77208,58.43398,45.81116,18.36592,17.54312,17.22968,16.39513,14.56344,FALSE,TRUE,TRUE,TRUE,TRUE,
4,17.75648,37.9353,41.24463,102.0609,82.46468,62.09024,-39.50673,83.2126,20.63408,-37.35773,158.3046,-44.20024,10.77352,156.9842,-62.17934,51.21215,142.468,-53.77619,77.37104,120.8961,-27.6447,-37.74596,81.61652,16.93058,-36.17264,160.3958,-43.65662,11.72163,159.2219,-61.41221,53.06789,146.1635,-51.7925,79.52903,123.9486,-24.98727,-0.3409079,-0.4423936,-0.8294997,-0.3508002,0.2516876,-0.9019937,0.03013086,0.1968903,-0.9799624,0.2908026,0.06805471,-0.9543597,0.506569,-0.1303909,-0.8522829,47.2674,53.33599,60.77208,58.43398,45.81116,18.36592,17.54312,17.22968,16.39513,14.56344,FALSE,TRUE,TRUE,TRUE,TRUE,
4,17.77126,26.86337,48.41887,134.1969,98.93472,70.08028,-39.65068,83.56012,20.6595,-37.74756,157.956,-44.62132,10.47225,155.2581,-62.96054,50.35158,141.6133,-54.50753,76.68591,120.5377,-28.32619,-37.95781,81.75488,17.15561,-36.42541,160.0547,-43.96457,11.3579,157.231,-62.30441,52.39859,145.2714,-52.54691,79.35435,123.8107,-25.24978,-0.334763,-0.4520852,-0.8267725,-0.3539704,0.2379641,-0.9044766,0.02730442,0.1581118,-0.9870436,0.278541,0.04713214,-0.9592671,0.4958266,-0.1414919,-0.8568174,47.2674,53.33599,60.77208,58.43398,45.81116,18.36592,17.54312,17.22968,16.39513,14.56344,FALSE,TRUE,TRUE,TRUE,TRUE,
4,17.78712,30.72837,65.68587,174.8569,124.7143,97.9192,-39.71657,84.21326,20.71023,-38.28868,157.364,-45.39237,9.983012,152.6939,-64.08439,49.16127,140.3691,-55.5841,75.46928,120.0532,-29.43192,-38.17786,81.99686,17.4162,-36.75035,159.5791,-44.39081,10.85831,154.2883,-63.47329,51.38142,143.9865,-53.54958,79.0037,123.5789,-25.67639,-0.3262895,-0.4671124,-0.8217915,-0.3585693,0.214484,-0.9085289,0.02219747,0.1031879,-0.9944142,0.2622591,0.01607305,-0.9648636,0.4737029,-0.1625951,-0.8655452,47.2674,53.33599,60.77208,58.43398,45.81116,18.36592,17.54312,17.22968,16.39513,14.56344,FALSE,TRUE,TRUE,TRUE,TRUE,
4,17.80321,38.85989,81.5565,193.4249,146.9267,127.9806,-39.38037,84.76694,20.57723,-38.85811,156.5085,-46.08593,9.433837,149.9823,-64.96936,47.7258,138.952,-56.55922,73.81758,119.5456,-30.6263,-38.29903,82.33038,17.65385,-37.14685,158.9117,-44.89125,10.25635,150.9048,-64.57401,49.97814,142.3002,-54.70052,78.35648,123.2122,-26.3237,-0.312379,-0.4807632,-0.8193205,-0.3639407,0.1860283,-0.9126558,0.01614976,0.04837049,-0.9986989,0.2415777,-0.01942663,-0.970187,0.4410711,-0.1873286,-0.877704,47.2674,53.33599,60.77208,58.43398,45.81116,18.36592,17.54312,17.22968,16.39513,14.56344,FALSE,TRUE,TRUE,TRUE,TRUE,
4,17.81917,58.93857,91.50529,185.5089,167.494,149.7069,-38.4818,85.08833,20.16583,-39.31532,155.4698,-46.57931,8.939692,147.6237,-65.48528,46.08318,137.2603,-57.25924,71.92525,118.8628,-31.65867,-38.19666,82.68904,17.79536,-37.58991,158.0151,-45.42071,9.65442,147.7587,-65.34694,48.14543,140.1432,-55.85596,77.28512,122.6422,-27.22123,-0.2912279,-0.4914854,-0.8207487,-0.3682991,0.1566365,-0.9164174,0.01069692,0.004592777,-0.9999322,0.2164701,-0.0585847,-0.9745299,0.4033082,-0.2133694,-0.8898404,47.2674,53.33599,60.77208,58.43398,45.81116,18.36592,17.54312,17.22968,16.39513,14.56344,FALSE,TRUE,TRUE,TRUE,TRUE,
4,17.835,109.1866,109.2085,192.8784,197.7447,183.509,-36.40049,85.26416,19.77385,-39.86589,153.9373,-46.94411,8.209041,144.7848,-65.79877,44.07647,134.8126,-57.81731,69.31944,117.6932,-32.66354,-37.6138,83.04948,17.84508,-38.11663,156.7376,-45.96732,8.894378,144.4288,-65.81726,45.80881,137.268,-56.92137,75.49313,121.7169,-28.44004,-0.2535549,-0.5091895,-0.8224573,-0.3734257,0.1185192,-0.9200579,0.00261791,-0.04444229,-0.9990085,0.1876297,-0.1063146,-0.9764693,0.3531201,-0.2466036,-0.9024926,47.2674,53.33599,60.77208,58.43398,45.81116,18.36592,17.54312,17.22968,16.39513,14.56344,FALSE,TRUE,TRUE,TRUE,TRUE,
4,17.86594,157.1248,104.9484,250.0642,394.5893,290.523,-31.03788,84.02595,19.5169,-40.75771,150.9912,-47.86794,6.409272,137.1442,-66.26297,37.23075,123.8541,-58.11755,62.07569,112.2731,-34.23502,-34.06709,83.07332,17.81614,-39.18647,153.691,-47.10085,6.8852,136.2024,-66.30579,37.55964,124.6003,-58.20116,68.16717,117.2018,-31.83887,-0.1705093,-0.5627347,-0.8088611,-0.3777226,0.06729237,-0.9234703,-0.01874288,-0.1527685,-0.9880843,0.08788401,-0.2807683,-0.9557435,0.2209028,-0.345747,-0.9119545,47.2674,53.33599,60.77208,58.43398,45.81116,18.36592,17.54312,17.22968,16.39513,14.56344,FALSE,TRUE,TRUE,TRUE,TRUE,
4,17.88029,412.2258,577.3865,543.2134,631.829,693.8886,-25.2046,97.12791,21.25972,-32.67252,127.2939,-17.91247,0.9045733,125.206,-38.19035,25.33375,110.2899,-29.1086,48.40068,99.66801,-6.522266,-29.07125,88.81853,18.75782,-37.98683,151.3436,-42.93534,7.19286,136.0934,-56.92434,34.82686,121.5474,-47.18863,64.22464,112.2486,-25.87681,-0.1659549,-0.319701,-0.932872,-0.4329493,-0.1605746,-0.887001,-0.1360273,-0.193439,-0.9716367,-0.06416036,-0.3055944,-0.9499977,0.029163,-0.4747411,-0.8796422,47.2674,53.33599,60.77208,58.43398,45.81116,18.36592,17.54312,17.22968,16.39513,14.56344,FALSE,TRUE,TRUE,TRUE,TRUE,
4,17.8933,412.1561,623.1367,674.0255,817.9904,862.7176,-25.09915,103.6939,20.70424,-31.84602,122.8335,-16.33247,-4.279498,114.1592,-32.53917,17.98296,101.0311,-23.60729,39.77082,91.08241,-1.656267,-25.72723,96.62146,19.2261,-35.95948,146.8324,-37.99088,5.367184,130.3912,-49.58424,30.37401,114.838,-39.49892,57.71256,104.9964,-18.82074,-0.1733062,-0.3008717,-0.9377852,-0.4651882,-0.3307066,-0.821117,-0.2490207,-0.3448734,-0.9050144,-0.1973144,-0.4215863,-0.8850604,-0.1461752,-0.5564907,-0.8178942,47.2674,53.33599,60.77208,58.43398,45.81116,18.36592,17.54312,17.22968,16.39513,14.56344,FALSE,TRUE,TRUE,TRUE,TRUE,
4,17.91264,313.2155,413.1984,650.0726,697.1436,603.8143,-23.04426,106.6544,16.93151,-28.58977,126.3161,-20.08199,-7.099167,108.8019,-28.49326,14.39519,98.23396,-20.81587,37.95601,89.84267,-1.332822,-22.54787,102.697,17.06376,-32.54218,139.2364,-31.30032,1.03909,121.2128,-41.14947,24.05956,107.2088,-31.59924,49.69621,97.6796,-11.41422,-0.1439282,-0.2773538,-0.9499261,-0.4706743,-0.4124495,-0.7799686,-0.3546034,-0.4684583,-0.8091991,-0.3123972,-0.4949043,-0.81085,-0.2428056,-0.5664671,-0.7875027,47.2674,53.33599,60.77208,58.43398,45.81116,18.36592,17.54312,17.22968,16.39513,14.56344,FALSE,TRUE,TRUE,TRUE,TRUE,
3,17.93069,264.2711,268.8492,441.36,541.4778,1014.437,-20.651,108.0071,12.70957,-24.1442,129.0644,-24.24147,-5.631304,108.6097,-29.69637,12.31848,95.98115,-19.45477,15.47907,90.98761,26.10568,-20.23168,105.2037,13.68983,-28.48975,135.1924,-28.36003,-1.457687,115.9544,-36.49992,18.99776,102.1603,-26.40859,36.25176,93.25068,-0.8706843,-0.1094117,-0.2671298,-0.9574292,-0.4656366,-0.4219038,-0.7779329,-0.406219,-0.5002251,-0.7646967,-0.3961134,-0.5253373,-0.7530704,-0.7457613,-0.5649581,-0.3530757,47.2674,53.33599,60.77208,58.43398,45.81116,18.36592,17.54312,17.22968,16.39513,14.56344,FALSE,TRUE,TRUE,TRUE,FALSE,
3,17.94878,238.5009,208.5954,299.5511,426.2073,762.7106,-18.42021,109.3072,9.41661,-20.23781,131.0886,-27.22252,-4.86202,108.2821,-29.8157,9.915765,94.52135,-17.44131,12.03451,91.77406,27.7634,-18.36172,106.5053,10.75531,-23.46656,132.8132,-28.05413,-2.912027,112.1713,-33.5976,14.68798,98.20425,-22.35996,26.31887,91.72451,8.694046,-0.0756148,-0.2576139,-0.9632847,-0.4576108,-0.4151914,-0.7862623,-0.4470656,-0.5166767,-0.7301901,-0.4699859,-0.5407457,-0.6976441,-0.8664006,-0.4787064,-0.1420922,47.2674,53.33599,60.77208,58.43398,45.81116,18.36592,17.54312,17.22968,16.39513,14.56344,FALSE,TRUE,TRUE,TRUE,FALSE,
1,17.96684,325.6019,593.6479,830.8199,296.06,434.5133,-14.56197,112.3323,4.665843,-23.40136,116.7987,6.310485,-19.13279,105.0859,8.852792,6.272793,102.9071,-21.76589,9.847809,98.24678,21.30936,-16.01819,108.3629,7.666338,-23.58874,123.5687,-17.42379,-8.940512,108.2574,-23.67131,10.36048,98.95329,-21.01852,19.77898,93.20364,13.80215,-0.007669552,-0.2253734,-0.9742423,-0.5200827,-0.7928562,-0.3176368,-0.6638321,-0.7090356,-0.2378981,-0.498612,-0.5185334,-0.6946288,-0.8778788,-0.4661583,-0.1096596,47.2674,53.33599,60.77208,58.43398,45.81116,18.36592,17.54312,17.22968,16.39513,14.56344,FALSE,FALSE,FALSE,TRUE,FALSE,
1,17.97591,317.4743,612.2115,796.211,401.4561,414.2169,-11.75241,113.4281,4.100433,-25.30194,118.3787,9.116934,-21.4602,107.955,10.32171,3.684663,109.5567,-23.82413,8.912388,103.2295,18.40269,-14.39339,109.8131,6.17621,-24.58924,122.4578,-12.99208,-11.4986,108.2076,-19.36416,7.29715,103.1183,-22.01223,16.42305,96.18552,14.57025,0.02888583,-0.2108227,-0.9770975,-0.4720341,-0.8626225,-0.1818412,-0.6421249,-0.7590643,-0.1072243,-0.4960388,-0.5124359,-0.7009672,-0.8574241,-0.5031788,-0.1078658,47.2674,53.33599,60.77208,58.43398,45.81116,18.36592,17.54312,17.22968,16.39513,14.56344,FALSE,FALSE,FALSE,TRUE,FALSE,
0,17.994,244.7728,533.4111,592.804,354.0375,315.4002,-8.516029,114.4001,4.036746,-26.60529,119.8019,11.66794,-23.20604,110.4838,10.74704,1.068225,114.7288,-25.11287,7.765323,107.1665,16.17256,-10.60348,111.9492,4.60719,-25.55673,121.6206,-7.218126,-14.61289,108.6231,-13.19794,2.455669,110.7569,-23.83855,11.07587,102.6003,14.60664,0.08622904,-0.2123694,-0.9733775,-0.4086284,-0.9126363,-0.01085114,-0.6066189,-0.7943353,0.03232532,-0.5003721,-0.5047511,-0.7034587,-0.8429855,-0.5270916,-0.1074712,47.2674,53.33599,60.77208,58.43398,45.81116,18.36592,17.54312,17.22968,16.39513,14.56344,FALSE,FALSE,FALSE,FALSE,FALSE,
0,18.01208,179.2592,388.3502,368.5511,209.612,183.5125,-6.148214,113.4413,5.055203,-26.81899,119.5157,13.2138,-23.73256,110.7092,11.0089,0.1147404,115.1985,-25.1346,7.155848,107.518,15.86007,-6.807625,112.3753,4.839639,-25.84362,121.2537,-4.323391,-16.19011,108.9244,-9.631018,0.05679596,113.8235,-24.45503,8.094013,106.026,14.55641,0.1406562,-0.2439989,-0.9595209,-0.3825723,-0.9206157,0.07813501,-0.5966432,-0.7984074,0.0810092,-0.5070527,-0.5045241,-0.6988226,-0.8428781,-0.5291244,-0.09789713,47.2674,53.33599,60.77208,58.43398,45.81116,18.36592,17.54312,17.22968,16.39513,14.56344,FALSE,FALSE,FALSE,FALSE,FALSE,
0,18.03013,135.6279,231.6389,215.5428,574.7257,115.0161,-4.854385,112.442,5.79855,-27.67193,119.1493,13.57784,-24.63688,110.4979,11.01559,-7.623689,107.9911,1.99275,6.184023,107.5212,15.25767,-4.353446,111.911,5.668368,-26.00007,121.0746,-2.979833,-17.14992,109.0879,-7.524278,-5.421668,110.5497,-16.69658,6.362721,107.0825,14.33762,0.1708435,-0.2626263,-0.9496526,-0.3665859,-0.9249032,0.1008411,-0.5852886,-0.8045538,0.1006504,-0.6471158,-0.6518958,-0.3953138,-0.8392416,-0.5368661,-0.08630453,47.2674,53.33599,60.77208,58.43398,45.81116,18.36592,17.54312,17.22968,16.39513,14.56344,FALSE,FALSE,FALSE,FALSE,FALSE,
0,18.04821,86.75845,205.9452,205.7616,755.9398,129.3132,-7.213873,109.5478,7.032554,-30.26035,116.6984,15.35417,-27.41866,107.9783,12.85457,-13.99609,101.5022,13.56526,3.270269,104.9018,16.18193,-4.823744,110.1849,6.675959,-26.21727,120.8477,-2.033286,-18.14764,109.0066,-5.665658,-11.15666,104.9359,-3.58699,3.565368,105.2051,15.35908,0.1420461,-0.2979368,-0.9439579,-0.3625494,-0.9196186,0.1511938,-0.5814075,-0.7983314,0.156947,-0.6989525,-0.7125768,-0.06082532,-0.844969,-0.5345438,-0.01704035,47.2674,53.33599,60.77208,58.43398,45.81116,18.36592,17.54312,17.22968,16.39513,14.56344,FALSE,FALSE,FALSE,FALSE,FALSE,
0,18.0663,74.90956,141.7817,146.4094,538.3893,111.152,-7.656268,108.5131,7.752161,-31.15405,115.8307,16.01804,-28.38925,107.0706,13.57028,-15.55359,100.0012,14.9926,2.083413,103.9041,16.78808,-5.455109,108.994,7.455036,-26.49058,120.5666,-1.073578,-19.32284,108.7848,-3.611321,-13.41558,102.564,3.057369,1.939922,103.9271,16.40004,0.139585,-0.313565,-0.9392513,-0.3598658,-0.917406,0.1698909,-0.5785071,-0.7957129,0.1793612,-0.6974586,-0.7147098,0.05235742,-0.8458107,-0.5332868,0.01447447,47.2674,53.33599,60.77208,58.43398,45.81116,18.36592,17.54312,17.22968,16.39513,14.56344,FALSE,FALSE,FALSE,FALSE,FALSE,
0,18.08437,50.71721,92.72845,94.66412,345.2032,79.26487,-7.248887,108.3844,8.356663,-31.63897,115.8229,16.49144,-28.98214,107.0738,13.90915,-16.40926,99.68808,15.9076,1.367347,103.7575,16.96962,-5.548734,108.5494,7.98883,-26.77523,120.2916,-0.129939,-20.59861,108.5378,-1.440638,-14.45084,101.5614,6.388668,1.094922,103.5859,16.84042,0.1496473,-0.3231156,-0.9344528,-0.358849,-0.9154021,0.1823906,-0.5786411,-0.793173,0.1898715,-0.69592,-0.7112256,0.0992649,-0.8473061,-0.5303981,0.02739057,47.2674,53.33599,60.77208,58.43398,45.81116,18.36592,17.54312,17.22968,16.39513,14.56344,FALSE,FALSE,FALSE,FALSE,FALSE,
0,18.09342,43.00374,78.19434,78.70725,265.5785,74.09701,-7.156896,108.4082,8.621234,-31.91355,115.9427,16.74884,-29.33022,107.2075,14.06336,-16.82463,99.73189,16.10555,0.8999363,103.7555,17.16793,-5.539078,108.4651,8.178799,-26.90909,120.1745,0.2972267,-21.27366,108.4257,-0.3279732,-14.79797,101.2919,7.415835,0.6427774,103.5486,17.1138,0.1535809,-0.3284312,-0.9319581,-0.3593084,-0.9138801,0.1889989,-0.5798941,-0.7911357,0.194492,-0.6970069,-0.7086563,0.1094885,-0.8488442,-0.5273749,0.03659634,47.2674,53.33599,60.77208,58.43398,45.81116,18.36592,17.54312,17.22968,16.39513,14.56344,FALSE,FALSE,FALSE,FALSE,FALSE,
0,18.11148,84.96492,60.17583,62.94368,160.4658,64.06969,-6.040276,108.2713,10.13369,-32.59233,116.6347,17.12699,-30.16463,107.9015,14.28178,-17.79752,100.2152,16.35482,-0.08855914,104.1164,17.25029,-5.376791,108.3467,8.600884,-27.17337,119.9853,1.087531,-22.71029,108.2824,1.917916,-15.35572,101.0025,8.816809,-0.3228507,103.7971,17.39322,0.1883176,-0.3590424,-0.9141253,-0.3635375,-0.910762,0.1958392,-0.5842134,-0.7863056,0.201043,-0.7010662,-0.702141,0.1245159,-0.8529899,-0.5195518,0.04974177,47.2674,53.33599,60.77208,58.43398,45.81116,18.36592,17.54312,17.22968,16.39513,14.56344,FALSE,FALSE,FALSE,FALSE,FALSE,
0,18.12956,99.09789,73.6561,79.75841,101.3959,75.62994,-4.56168,108.4234,11.49867,-33.41591,118.5111,17.15417,-31.23085,109.7937,14.03155,-19.01072,101.8418,15.87239,-1.390652,105.3879,17.01888,-5.017485,108.2286,9.126322,-27.59305,119.8398,2.198872,-24.71224,108.5023,4.664574,-15.97582,101.0103,9.88754,-1.602626,104.9158,17.42601,0.232059,-0.3971111,-0.8879479,-0.3749554,-0.9065626,0.1937853,-0.5949759,-0.7786561,0.1992444,-0.7114168,-0.691408,0.1258618,-0.8609685,-0.5045857,0.06423824,47.2674,53.33599,60.77208,58.43398,45.81116,18.36592,17.54312,17.22968,16.39513,14.56344,FALSE,FALSE,FALSE,FALSE,FALSE,
0,18.14763,66.38021,88.25845,92.9808,83.61925,86.18248,-3.238309,109.5295,10.61922,-33.59941,120.562,15.77214,-31.48221,111.8977,12.50975,-19.36724,103.7671,14.63019,-1.893267,107.2496,15.62558,-4.458391,108.2363,9.549611,-28.35793,119.8571,3.990728,-27.01723,109.4589,7.243368,-16.96264,101.5616,11.18365,-2.271443,106.7432,16.34983,0.2613167,-0.395491,-0.8805115,-0.378326,-0.9094006,0.1728004,-0.5968172,-0.7808122,0.1847743,-0.7114035,-0.6908936,0.1287287,-0.8640166,-0.4999477,0.05939399,47.2674,53.33599,60.77208,58.43398,45.81116,18.36592,17.54312,17.22968,16.39513,14.56344,FALSE,FALSE,FALSE,FALSE,FALSE,
0,18.16573,103.1647,107.6162,96.48557,84.89075,85.20654,-1.533265,108.5906,7.699663,-32.97477,118.5908,12.01872,-30.40959,109.989,9.093562,-18.01079,102.5278,11.14447,-0.8950446,106.7028,12.9428,-3.713183,108.1925,9.512454,-28.82008,119.7902,4.899703,-27.97055,109.7287,7.950644,-17.42148,101.8671,11.4404,-1.722082,106.6983,14.62841,0.3061044,-0.392468,-0.8673344,-0.3415498,-0.9238206,0.1729139,-0.5632315,-0.804854,0.1870303,-0.6833165,-0.720283,0.1194615,-0.8433292,-0.5345475,0.05527055,47.2674,53.33599,60.77208,58.43398,45.81116,18.36592,17.54312,17.22968,16.39513,14.56344,FALSE,FALSE,FALSE,FALSE,FALSE,
0,18.18377,109.7472,142.3572,123.148,118.2208,93.31663,-0.7517122,106.234,6.535707,-32.43604,115.4438,10.20998,-29.51834,106.7946,8.102411,-16.9067,100.0168,9.544077,-0.05369398,104.5986,11.75151,-3.113005,107.9971,9.198901,-29.02608,119.6189,5.222389,-28.25624,109.4605,7.998041,-17.41071,101.7365,11.10367,-1.159462,106.1069,13.38713,0.3285025,-0.4024777,-0.8544576,-0.3164185,-0.9291194,0.1913543,-0.5371618,-0.8156624,0.2148303,-0.6639724,-0.7374392,0.1237904,-0.8286994,-0.5570459,0.05437945,47.2674,53.33599,60.77208,58.43398,45.81116,18.36592,17.54312,17.22968,16.39513,14.56344,FALSE,FALSE,FALSE,FALSE,FALSE,
0,18.19283,302.0313,356.9089,344.6716,314.0445,277.7812,2.051135,98.64914,6.784344,-29.54942,107.5584,7.870599,-26.38854,98.8265,7.060764,-13.76724,92.56316,9.34351,2.915556,97.65891,12.00155,-2.482545,106.9592,9.013694,-29.04907,119.0325,5.369434,-28.02598,108.0882,7.959764,-16.93693,100.4992,10.85191,0.1192672,103.2245,13.04035,0.381265,-0.4767703,-0.7920399,-0.313231,-0.9111364,0.2678,-0.5354176,-0.7995982,0.2719755,-0.6599098,-0.7352529,0.154668,-0.8228962,-0.5658748,0.05125885,47.2674,53.33599,60.77208,58.43398,45.81116,18.36592,17.54312,17.22968,16.39513,14.56344,FALSE,FALSE,FALSE,FALSE,FALSE,
0,18.21091,503.7726,585.5173,527.7603,522.89,509.9737,4.147622,86.65051,1.365768,-27.389,93.95705,1.265921,-23.6458,85.77201,4.142196,-10.7578,80.39716,4.1548,6.187663,86.69839,5.172364,-0.006559511,100.3309,6.965277,-28.73048,114.1861,4.946616,-26.31409,99.5396,7.170116,-14.91082,94.29613,8.927239,3.701959,94.02109,8.975167,0.4195691,-0.5731705,-0.7038731,-0.2630883,-0.8691607,0.4187412,-0.4807969,-0.7541181,0.4473704,-0.6202031,-0.7420681,0.2543286,-0.7871421,-0.6103716,0.08862147,47.2674,53.33599,60.77208,58.43398,45.81116,18.36592,17.54312,17.22968,16.39513,14.56344,FALSE,FALSE,FALSE,FALSE,FALSE,
0,18.22899,640.3966,552.0334,456.6126,648.2675,725.7388,-1.763214,83.62325,-15.03816,-31.87603,91.9259,-9.842052,-27.33469,83.63241,-4.826289,-15.35969,77.94613,-12.35688,2.439351,83.39823,-13.85204,-0.5533235,92.47105,-0.6204645,-29.55174,107.372,1.775863,-26.72335,91.13404,3.758838,-14.99478,88.43394,3.061773,3.215993,88.09467,-0.9844387,0.2778627,-0.5265743,-0.8034375,-0.2340531,-0.8910989,0.3887955,-0.4173819,-0.7531379,0.5085032,-0.6117792,-0.7481813,0.256809,-0.790759,-0.6031753,0.1043057,47.2674,53.33599,60.77208,58.43398,45.81116,18.36592,17.54312,17.22968,16.39513,14.56344,FALSE,FALSE,FALSE,FALSE,FALSE,
0,18.247,569.6006,889.4082,1066.621,1050.935,908.756,-24.5353,85.94485,2.492362,-29.65407,148.1138,-41.43136,5.69782,138.4868,-55.60765,33.71674,119.9935,-52.11018,47.8859,101.133,-30.24562,-3.58689,88.71155,-0.3634222,-31.29206,102.7622,-4.054348,-26.52771,85.98466,-6.463659,-13.39728,85.46215,-4.486489,7.744401,84.74732,-9.805231,0.000875597,-0.5291514,-0.848527,-0.3867253,-0.8840451,-0.2625028,-0.4554447,-0.8746859,-0.165815,-0.4519711,-0.825668,-0.3376307,-0.4892785,-0.7941279,-0.3605101,47.2674,53.33599,60.77208,58.43398,45.81116,18.36592,17.54312,17.22968,16.39513,14.56344,FALSE,FALSE,FALSE,FALSE,FALSE,
4,18.26523,893.6534,859.127,1241.89,1241.096,1056.646,-35.01709,79.88575,22.62523,-38.19046,142.761,-46.10112,4.296549,135.6499,-64.11972,43.97456,119.1365,-54.29994,63.296,102.5883,-27.59515,-11.9019,82.97376,7.191903,-32.53519,103.2446,-7.363304,-23.5574,86.93965,-17.82317,-8.650213,85.88734,-9.777607,26.58283,83.12155,-16.29526,-0.2302111,-0.5868317,-0.7762933,-0.4441926,-0.4324688,-0.7846424,-0.2432549,-0.518437,-0.8197866,-0.04885841,-0.5753368,-0.816456,0.03362986,-0.6824898,-0.730121,47.2674,53.33599,60.77208,58.43398,45.81116,18.36592,17.54312,17.22968,16.39513,14.56344,FALSE,TRUE,TRUE,TRUE,TRUE,
4,18.28322,667.4207,769.6351,1116.264,1088.628,885.5825,-36.48949,77.82007,27.41179,-39.70235,139.2047,-43.29152,3.876508,135.9435,-61.27126,44.54053,119.6604,-52.07694,67.44649,102.729,-24.60564,-19.19653,80.15384,14.01364,-34.67953,106.8641,-14.30718,-19.07528,92.93797,-27.3369,4.124124,90.55418,-21.36975,47.04007,88.5661,-20.74862,-0.3337007,-0.5602148,-0.7581578,-0.415878,-0.1292095,-0.9001946,-0.1211271,-0.1842135,-0.9753941,0.1311227,-0.3172447,-0.9392352,0.2528757,-0.477791,-0.8412905,47.2674,53.33599,60.77208,58.43398,45.81116,18.36592,17.54312,17.22968,16.39513,14.56344,FALSE,TRUE,TRUE,TRUE,TRUE,
4,18.30126,424.561,603.0096,852.8494,813.063,658.4549,-37.21883,77.3763,28.13935,-40.09902,139.4423,-42.55711,4.377477,137.0672,-60.64039,44.66162,122.0189,-51.80521,69.52948,103.9289,-24.07936,-24.93118,78.73781,18.7678,-36.75997,114.3098,-22.6979,-13.09297,103.1432,-37.29361,18.88206,99.86038,-33.35237,61.2214,96.25303,-23.1525,-0.3759062,-0.5403027,-0.7528396,-0.3949381,0.02509378,-0.9183649,-0.06528497,-0.01050416,-0.9978114,0.1896315,-0.1593665,-0.9688355,0.3578427,-0.3494181,-0.8659421,47.2674,53.33599,60.77208,58.43398,45.81116,18.36592,17.54312,17.22968,16.39513,14.56344,FALSE,TRUE,TRUE,TRUE,TRUE,
4,18.31034,326.9637,508.0075,702.0733,673.8027,548.275,-37.46539,77.0769,28.19401,-40.16875,139.7154,-42.26633,4.391819,137.3782,-60.4379,44.83656,122.7001,-51.69177,70.21356,104.4641,-23.96866,-27.36498,78.26539,20.61662,-37.71939,119.1304,-27.05408,-9.739279,109.3684,-42.25676,25.83531,105.2872,-38.61003,65.53928,99.43742,-23.64146,-0.3853731,-0.5333117,-0.753038,-0.3885854,0.07306694,-0.9185111,-0.05197249,0.03827583,-0.9979147,0.205522,-0.1117582,-0.9722504,0.387999,-0.3069653,-0.8690392,47.2674,53.33599,60.77208,58.43398,45.81116,18.36592,17.54312,17.22968,16.39513,14.56344,FALSE,TRUE,TRUE,TRUE,TRUE,
4,18.32838,191.707,320.0967,447.4646,432.2348,345.8063,-37.85784,76.74348,28.23833,-40.22797,140.148,-41.86254,4.364518,138.1699,-60.1255,45.27084,123.7125,-51.53138,71.04819,105.1607,-23.89678,-31.36057,77.57298,23.48102,-39.2559,128.515,-34.46429,-3.572979,121.6025,-50.75871,36.60232,114.7477,-46.17239,69.85596,103.1691,-23.92975,-0.3970539,-0.5237797,-0.7536598,-0.384012,0.117921,-0.9157671,-0.04148746,0.0930384,-0.9947978,0.2233173,-0.06051027,-0.9728658,0.4148201,-0.2651091,-0.870426,47.2674,53.33599,60.77208,58.43398,45.81116,18.36592,17.54312,17.22968,16.39513,14.56344,FALSE,TRUE,TRUE,TRUE,TRUE,
4,18.34646,96.48237,195.4535,276.2387,255.2245,214.0189,-37.66307,76.19435,27.9583,-40.14139,140.5053,-41.63924,4.465806,138.9398,-59.93458,45.62276,124.2181,-51.48192,71.68558,105.6673,-23.95077,-34.06712,76.9253,25.3435,-40.07731,135.3145,-39.01878,0.8401995,131.0609,-56.30073,42.54435,120.4353,-49.91575,71.48991,104.763,-23.98752,-0.3980415,-0.5184759,-0.7567997,-0.3817686,0.1435194,-0.9130471,-0.03742618,0.1234128,-0.9916494,0.2294797,-0.04190421,-0.972411,0.4280202,-0.2420234,-0.8707602,47.2674,53.33599,60.77208,58.43398,45.81116,18.36592,17.54312,17.22968,16.39513,14.56344,FALSE,TRUE,TRUE,TRUE,TRUE,
4,18.36455,47.22513,117.4877,171.0905,153.9167,135.4318,-37.52054,75.78046,27.54278,-39.9394,140.7316,-41.68178,4.74576,139.4543,-59.97357,46.05912,124.4938,-51.59891,72.28922,105.9051,-24.12252,-35.87416,76.32938,26.44046,-40.25106,138.8279,-41.01036,3.271359,136.4224,-58.96218,45.09391,122.8973,-51.29561,72.3792,105.4146,-24.10656,-0.3997751,-0.5137282,-0.75912,-0.3807307,0.1593201,-0.9108574,-0.03438929,0.1420135,-0.9892672,0.234091,-0.03035761,-0.9717406,0.4371098,-0.2275683,-0.8701423,47.2674,53.33599,60.77208,58.43398,45.81116,18.36592,17.54312,17.22968,16.39513,14.56344,FALSE,TRUE,TRUE,TRUE,TRUE,
4,18.38265,42.37431,71.12216,111.4139,103.3596,90.95425,-37.25428,74.8158,26.4766,-39.54121,140.7389,-42.10457,5.31603,139.8111,-60.23277,46.76763,124.7518,-51.82557,72.99958,105.9702,-24.39182,-36.87057,75.40703,26.56606,-39.97038,140.0871,-41.8832,4.590011,138.7331,-60.03001,46.40034,123.8874,-51.80253,73.21048,105.6557,-24.34568,-0.3959654,-0.5078516,-0.7650478,-0.3770579,0.175568,-0.9093972,-0.02853057,0.1593867,-0.9868039,0.2422218,-0.01548981,-0.9700972,0.4471447,-0.212943,-0.8687444,47.2674,53.33599,60.77208,58.43398,45.81116,18.36592,17.54312,17.22968,16.39513,14.56344,FALSE,TRUE,TRUE,TRUE,TRUE,
4,18.4007,33.10283,47.03533,69.73086,64.51192,58.98897,-37.49041,74.59856,26.17105,-39.23711,140.8254,-42.4403,5.749674,139.8503,-60.50532,47.24743,124.5408,-52.04561,73.45272,105.7004,-24.57055,-37.46,74.79538,26.40132,-39.64087,140.4959,-42.3378,5.349691,139.4823,-60.49002,47.15322,124.0119,-52.06404,73.7755,105.5145,-24.51334,-0.3999689,-0.506029,-0.7641724,-0.3751803,0.1827229,-0.9087641,-0.02457685,0.1659309,-0.9858311,0.2472106,-0.0117257,-0.9688908,0.4535283,-0.2076678,-0.86671,47.2674,53.33599,60.77208,58.43398,45.81116,18.36592,17.54312,17.22968,16.39513,14.56344,FALSE,TRUE,TRUE,TRUE,TRUE,
4,18.40973,37.72044,40.42857,56.87707,53.7467,52.32145,-37.46791,74.19146,25.87692,-39.053,140.8218,-42.59438,5.98664,139.8392,-60.64727,47.50768,124.437,-52.204,73.74715,105.5661,-24.75257,-37.63124,74.4584,26.24612,-39.45745,140.6076,-42.50233,5.644101,139.595,-60.65372,47.46355,123.9549,-52.20778,74.09026,105.4205,-24.66916,-0.4008682,-0.5044219,-0.7647635,-0.3742395,0.1896666,-0.9077287,-0.02320047,0.1705378,-0.985078,0.248935,-0.008405957,-0.9684837,0.4566228,-0.2026976,-0.8662617,47.2674,53.33599,60.77208,58.43398,45.81116,18.36592,17.54312,17.22968,16.39513,14.56344,FALSE,TRUE,TRUE,TRUE,TRUE,
4,18.42782,34.49825,30.38645,41.65327,36.79572,37.69084,-37.7084,73.72215,25.64418,-38.82317,140.8877,-42.79999,6.340236,139.92,-60.82459,47.85568,124.2152,-52.39516,74.10319,105.356,-24.96672,-37.98215,73.84477,26.00245,-39.16329,140.7989,-42.73309,6.134313,139.8008,-60.86368,47.91457,123.7613,-52.41378,74.50479,105.2483,-24.88346,-0.4050216,-0.5025246,-0.7638236,-0.3724475,0.1993942,-0.9063801,-0.01958934,0.1789931,-0.9836553,0.2518204,-0.005895697,-0.967756,0.4607068,-0.1970577,-0.8654002,47.2674,53.33599,60.77208,58.43398,45.81116,18.36592,17.54312,17.22968,16.39513,14.56344,FALSE,TRUE,TRUE,TRUE,TRUE,
4,18.44587,29.67483,22.59984,31.22893,26.98627,27.17013,-37.68817,73.30229,25.43776,-38.70405,140.9545,-42.9409,6.565603,140.038,-60.95889,48.0996,124.0948,-52.54622,74.33636,105.3333,-25.14994,-38.16053,73.32784,25.82494,-38.98029,140.9763,-42.88019,6.466783,140,-60.99868,48.21305,123.6054,-52.55899,74.75059,105.2151,-25.05516,-0.4047209,-0.5028692,-0.7637562,-0.3713744,0.2069652,-0.9051223,-0.01704318,0.1852828,-0.9825374,0.2539133,-0.005154311,-0.9672132,0.4628574,-0.1933932,-0.8650792,47.2674,53.33599,60.77208,58.43398,45.81116,18.36592,17.54312,17.22968,16.39513,14.56344,FALSE,TRUE,TRUE,TRUE,TRUE,
4,18.46398,17.20717,18.59686,22.70921,19.14374,18.85556,-37.78389,73.30001,25.35491,-38.6787,141.146,-43.12059,6.650993,140.1727,-61.16472,48.18882,124.1119,-52.75679,74.39423,105.4076,-25.3783,-38.253,73.10026,25.73112,-38.90696,141.1591,-43.037,6.628975,140.138,-61.17931,48.35618,123.5835,-52.7316,74.82566,105.2703,-25.24908,-0.4052442,-0.5043743,-0.7624852,-0.371365,0.2090144,-0.9046552,-0.01600995,0.1859301,-0.9824325,0.2547431,-0.005944426,-0.9669905,0.4631233,-0.1929498,-0.865036,47.2674,53.33599,60.77208,58.43398,45.81116,18.36592,17.54312,17.22968,16.39513,14.56344,FALSE,TRUE,TRUE,TRUE,TRUE,
4,18.482,16.04984,23.53403,37.39438,25.45139,28.64404,-37.57088,73.42214,25.06305,-38.98724,141.0948,-43.74591,6.400735,139.5525,-61.97316,47.94526,124.1322,-53.48261,74.26512,105.825,-26.08978,-38.11768,73.08111,25.54292,-39.0112,141.1805,-43.35947,6.544795,139.6854,-61.70599,48.26536,123.6095,-53.12954,74.76843,105.5309,-25.69397,-0.399804,-0.5123638,-0.7600264,-0.3742854,0.201833,-0.9050823,-0.01895315,0.164483,-0.9861978,0.2520322,-0.01359479,-0.9676234,0.4616692,-0.195056,-0.8653408,47.2674,53.33599,60.77208,58.43398,45.81116,18.36592,17.54312,17.22968,16.39513,14.56344,FALSE,TRUE,TRUE,TRUE,TRUE,
4,18.50023,94.98549,87.229,187.4033,105.7558,54.05688,-35.54096,73.00775,24.62013,-39.79094,139.1483,-45.28131,5.359812,134.7863,-63.67654,46.52769,121.7867,-54.76951,73.43175,105.7656,-27.17945,-36.70543,72.80951,25.0687,-39.32394,140.5019,-44.01028,5.805704,136.0423,-63.0819,47.45372,122.465,-53.92775,74.34515,105.6375,-26.33071,-0.3526948,-0.5476101,-0.7587684,-0.3776098,0.1613736,-0.9117946,-0.03143953,0.06886341,-0.9971306,0.2333487,-0.06779014,-0.9700273,0.4505211,-0.2129513,-0.8669962,47.2674,53.33599,60.77208,58.43398,45.81116,18.36592,17.54312,17.22968,16.39513,14.56344,FALSE,TRUE,TRUE,TRUE,TRUE,
4,18.50917,115.4047,129.8073,302.7458,215.4366,117.1874,-34.3298,73.71162,25.5106,-40.35436,137.3239,-46.09586,4.388844,129.8945,-64.47837,44.67453,118.1331,-55.39193,71.67094,104.4897,-27.98203,-35.43158,72.92944,25.07128,-39.56747,139.6706,-44.51519,5.029212,131.9576,-63.93005,46.20932,120.3183,-54.51712,73.51072,105.2925,-26.87811,-0.3295371,-0.5780967,-0.7464646,-0.3801435,0.1215388,-0.9169074,-0.04295187,-0.01499698,-0.9989645,0.2060459,-0.1359982,-0.9690457,0.4169302,-0.2465033,-0.8748744,47.2674,53.33599,60.77208,58.43398,45.81116,18.36592,17.54312,17.22968,16.39513,14.56344,FALSE,TRUE,TRUE,TRUE,TRUE,
4,18.52726,179.3037,232.0349,521.7234,544.2396,411.1065,-32.92081,76.35213,30.08154,-39.92657,131.3858,-46.94763,2.9992,116.4419,-63.75293,39.47074,103.5297,-53.34542,59.8183,98.4839,-29.54813,-33.0772,74.08998,26.71244,-39.72809,136.1533,-45.80071,3.368776,119.0003,-64.10917,41.5277,109.3368,-54.2052,67.20915,102.0736,-28.71694,-0.3103771,-0.6511888,-0.6925455,-0.372633,0.007228402,-0.9279507,-0.06755743,-0.2028213,-0.9768826,0.1228617,-0.3466644,-0.929908,0.223752,-0.3479897,-0.9104055,47.2674,53.33599,60.77208,58.43398,45.81116,18.36592,17.54312,17.22968,16.39513,14.56344,FALSE,TRUE,TRUE,TRUE,TRUE,
0,18.54536,856.4916,1570.835,1772.424,1662.71,1254.445,-20.10903,79.31635,-1.559537,-17.01718,79.21068,16.8354,-2.894883,85.58293,27.10455,14.24951,88.91435,29.50367,26.14248,96.43092,23.70628,-32.20679,75.13445,22.04589,-30.79339,100.7098,-39.2494,-8.425292,79.96741,-36.80841,18.32797,82.18898,-31.7753,45.26707,86.16512,-18.01526,-0.1358735,-0.4392203,-0.888045,-0.1405619,-0.9536346,-0.2661269,-0.2663866,-0.9623199,0.05457729,-0.3363926,-0.9363897,0.1000719,-0.4982595,-0.8665333,0.02928253,47.2674,53.33599,60.77208,58.43398,45.81116,18.36592,17.54312,17.22968,16.39513,14.56344,FALSE,FALSE,FALSE,FALSE,FALSE,
0,18.56399,663.2236,1340.417,1483.613,1395.834,1138.984,-8.350712,80.70015,-4.239935,-15.12897,90.92661,22.06061,-4.698919,86.29028,27.39248,10.80711,88.00954,30.50511,21.7293,96.34234,28.26137,-22.55627,76.91956,9.830488,-22.68282,86.09476,-16.45527,-8.484913,74.89158,-10.2829,12.61136,78.1916,-8.29157,32.04712,85.28893,-0.2272596,0.05257096,-0.4290247,-0.9017617,-0.07367144,-0.8315489,0.5505442,-0.2113662,-0.7330336,0.6465185,-0.3234389,-0.6892396,0.6483334,-0.6281873,-0.5442337,0.5560489,47.2674,53.33599,60.77208,58.43398,45.81116,18.36592,17.54312,17.22968,16.39513,14.56344,FALSE,FALSE,FALSE,FALSE,FALSE,
0,18.58204,459.7262,908.2333,1017.381,983.4726,852.4149,-4.49232,86.3376,-2.488306,-17.40874,97.7466,22.88165,-7.56243,92.12298,27.37519,7.443154,91.87284,30.80999,18.5611,99.27118,29.68434,-13.67634,80.38792,3.318263,-20.84536,87.04576,-4.619422,-8.592293,78.28819,0.8345854,10.59066,80.47796,2.358025,26.13658,88.82839,10.23004,0.1429384,-0.4084386,-0.9015245,-0.1016507,-0.6234187,0.7752523,-0.2151463,-0.5558307,0.8029721,-0.3315012,-0.5300689,0.7804703,-0.6361729,-0.3552276,0.6849068,47.2674,53.33599,60.77208,58.43398,45.81116,18.36592,17.54312,17.22968,16.39513,14.56344,FALSE,FALSE,FALSE,FALSE,FALSE,
0,18.60031,297.3838,669.8731,737.0934,702.7236,606.8471,-4.883826,90.84631,1.33758,-20.54086,104.0345,25.20391,-11.33886,97.41084,29.60786,3.228787,95.02612,33.09626,15.0394,101.1557,32.16562,-7.262155,86.17818,1.836487,-20.79966,90.03732,1.364637,-9.265414,81.84043,6.461842,8.963151,83.08819,8.313743,22.20055,92.38814,16.92767,0.1633907,-0.413137,-0.8958913,-0.1455697,-0.5263933,0.837687,-0.2417844,-0.4640964,0.8521472,-0.3632613,-0.4481645,0.8168169,-0.6524686,-0.2529486,0.714354,47.2674,53.33599,60.77208,58.43398,45.81116,18.36592,17.54312,17.22968,16.39513,14.56344,FALSE,FALSE,FALSE,FALSE,FALSE,
0,18.61811,311.0601,552.8525,578.7673,534.9907,465.7347,-6.608551,97.26582,3.822401,-22.68855,111.5895,27.45494,-14.62203,103.4944,32.00604,-0.7697258,98.75548,35.60246,11.74867,103.009,35.05983,-5.486437,92.16151,3.253137,-21.14251,93.07489,5.387636,-10.10845,84.82855,10.22137,7.413615,85.23477,12.43051,19.08977,94.83322,21.54083,0.1590151,-0.3782793,-0.9119315,-0.2364188,-0.5327752,0.8125618,-0.3149029,-0.4543841,0.8332894,-0.4343041,-0.4236973,0.7948966,-0.6957549,-0.1976747,0.6905431,47.2674,53.33599,60.77208,58.43398,45.81116,18.36592,17.54312,17.22968,16.39513,14.56344,FALSE,FALSE,FALSE,FALSE,FALSE,
0,18.62719,321.7735,503.6425,508.597,465.0878,402.1745,-7.134661,100.4072,4.820102,-23.22936,114.7443,28.64665,-15.4894,106.1929,33.06558,-1.846901,100.8479,36.59529,10.79882,104.581,36.03732,-5.554919,95.78999,4.279786,-21.39874,95.09232,7.514133,-10.61378,86.59554,12.08791,6.576269,86.50391,14.39696,17.66562,96.2104,23.58587,0.1554046,-0.3560817,-0.9214419,-0.2558989,-0.5457226,0.7979365,-0.3298713,-0.464799,0.8216732,-0.4462937,-0.4261998,0.7868772,-0.700009,-0.1915366,0.6879688,47.2674,53.33599,60.77208,58.43398,45.81116,18.36592,17.54312,17.22968,16.39513,14.56344,FALSE,FALSE,FALSE,FALSE,FALSE,
0,18.64524,250.6456,355.8698,353.9294,321.1692,277.732,-7.395857,103.3497,6.230134,-23.68489,117.6889,30.19568,-16.09056,108.8742,34.52903,-2.675194,102.9693,37.99151,9.969371,106.2977,37.23873,-5.884559,100.7106,6.070505,-21.96853,99.59083,11.97854,-11.64479,90.38194,15.89119,4.953224,89.14375,18.2319,15.30632,98.80796,27.11445,0.1527772,-0.3348646,-0.9297982,-0.2632543,-0.5590768,0.7862126,-0.3298202,-0.4721825,0.8174731,-0.4429215,-0.4274071,0.7881267,-0.6897973,-0.185442,0.6998507,47.2674,53.33599,60.77208,58.43398,45.81116,18.36592,17.54312,17.22968,16.39513,14.56344,FALSE,FALSE,FALSE,FALSE,FALSE,
0,18.6633,288.3436,350.4483,326.7932,281.7066,251.5334,-10.165,108.6059,8.807833,-25.34817,121.3081,34.71418,-17.56421,112.2475,38.15926,-4.15291,105.9885,40.52697,8.365214,109.2764,39.23264,-7.921372,105.9271,8.303597,-22.76585,104.3699,16.84202,-12.791,94.48889,20.02616,3.25804,92.12225,22.22241,13.14544,101.6644,30.39431,0.1070399,-0.2656641,-0.9581049,-0.2187249,-0.6011752,0.7686012,-0.2830534,-0.517529,0.8074927,-0.3996336,-0.472997,0.7852176,-0.6482633,-0.2266542,0.7268993,47.2674,53.33599,60.77208,58.43398,45.81116,18.36592,17.54312,17.22968,16.39513,14.56344,FALSE,FALSE,FALSE,FALSE,FALSE,
0,18.6814,180.508,241.3768,220.0327,194.1064,174.9281,-10.00599,109.253,10.21407,-26.05412,122.0246,36.51568,-18.09155,113.003,39.62838,-4.61467,106.7634,41.77694,7.704987,110.1375,40.05357,-8.387381,107.8257,9.940839,-23.50016,108.1687,21.02551,-13.81077,98.01882,23.77328,1.74467,94.82896,25.91735,11.37517,104.0895,33.20173,0.1093807,-0.2571366,-0.9601649,-0.1867338,-0.6102749,0.7698669,-0.2517143,-0.5293558,0.8101989,-0.3662225,-0.4827285,0.7955214,-0.617951,-0.2390531,0.7489928,47.2674,53.33599,60.77208,58.43398,45.81116,18.36592,17.54312,17.22968,16.39513,14.56344,FALSE,FALSE,FALSE,FALSE,FALSE,
0,18.69945,134.6467,126.6074,104.4122,121.2954,117.4954,-6.40669,106.0468,11.73742,-26.46002,120.467,36.7099,-18.26692,111.8707,39.62937,-4.419211,106.416,42.59048,7.598737,110.2998,40.71085,-6.215328,106.2736,11.2885,-23.98527,110.2531,23.6651,-14.52329,100.2753,26.36799,0.7645008,96.62496,28.58817,10.23993,105.7085,35.2807,0.1894289,-0.3136636,-0.9304471,-0.1477809,-0.58195,0.7996843,-0.2287475,-0.5166343,0.825084,-0.3355111,-0.465748,0.8188474,-0.5944356,-0.2360773,0.7687092,47.2674,53.33599,60.77208,58.43398,45.81116,18.36592,17.54312,17.22968,16.39513,14.56344,FALSE,FALSE,FALSE,FALSE,FALSE,
0,18.71758,142.8304,100.1107,89.27787,90.66562,92.8905,-4.547484,104.8829,13.54651,-27.13403,120.7132,37.69817,-18.8792,112.1566,40.61795,-5.033049,106.7392,43.39441,6.89748,110.6644,41.50136,-4.172291,104.99,12.79954,-24.35171,111.5053,25.36483,-15.08402,101.8432,28.25268,0.0319857,97.92413,30.54684,9.336976,106.9574,36.90699,0.2284904,-0.3408562,-0.9119261,-0.1307224,-0.5767984,0.8063592,-0.2117457,-0.5115679,0.8327437,-0.320477,-0.4629192,0.8264383,-0.574567,-0.2320844,0.7848628,47.2674,53.33599,60.77208,58.43398,45.81116,18.36592,17.54312,17.22968,16.39513,14.56344,FALSE,FALSE,FALSE,FALSE,FALSE,
0,18.72657,120.6157,87.84409,77.44395,77.1592,78.99265,-4.292733,104.6532,14.09363,-27.33083,120.8802,38.09793,-19.11356,112.2777,40.94078,-5.259682,106.8229,43.69113,6.657924,110.7048,41.78427,-3.60227,104.5764,13.40175,-24.49708,111.9645,26.00655,-15.31395,102.4417,28.99771,-0.2705682,98.43217,31.33198,8.979609,107.4032,37.54651,0.2327526,-0.3462045,-0.9088282,-0.1264124,-0.5761552,0.8075055,-0.2084278,-0.5117741,0.8334537,-0.3161693,-0.4619066,0.8286611,-0.5676997,-0.2298061,0.7905101,47.2674,53.33599,60.77208,58.43398,45.81116,18.36592,17.54312,17.22968,16.39513,14.56344,FALSE,FALSE,FALSE,FALSE,FALSE,
0,18.74463,84.4716,83.3063,76.13289,74.58814,63.7432,-4.449656,104.7035,15.21108,-27.77579,121.416,39.24273,-19.60537,112.7074,41.96933,-5.721344,107.1418,44.69071,6.101655,110.8758,42.38221,-3.158956,104.2157,14.27642,-24.74773,112.7166,27.07916,-15.72402,103.4505,30.28688,-0.786359,99.27354,32.66567,8.367622,108.1014,38.60179,0.2313072,-0.3494552,-0.9079527,-0.115027,-0.5799709,0.8064754,-0.1966259,-0.514484,0.8346523,-0.3004619,-0.4602247,0.8354136,-0.5529648,-0.2305559,0.8006709,47.2674,53.33599,60.77208,58.43398,45.81116,18.36592,17.54312,17.22968,16.39513,14.56344,FALSE,FALSE,FALSE,FALSE,FALSE,
0,18.7627,73.93406,84.98799,86.23611,75.09377,59.12452,-5.284682,104.6219,16.3898,-28.15642,121.9213,40.6293,-20.00146,113.0686,43.51741,-6.231016,107.2178,45.92848,5.524191,110.6726,43.20169,-3.166117,104.1127,14.80219,-24.95677,113.3063,27.95599,-16.01891,104.1547,31.26571,-1.156353,99.85065,33.65095,7.873997,108.5646,39.44424,0.2152519,-0.3547596,-0.9098419,-0.1083333,-0.5817143,0.8061467,-0.1829103,-0.5088969,0.8411704,-0.2868247,-0.4534331,0.843878,-0.5365114,-0.222689,0.8139811,47.2674,53.33599,60.77208,58.43398,45.81116,18.36592,17.54312,17.22968,16.39513,14.56344,FALSE,FALSE,FALSE,FALSE,FALSE,
0,18.78078,91.29211,100.8883,95.41916,79.29227,70.91653,-6.626902,104.0491,17.94299,-28.33681,122.067,42.76688,-20.46063,112.9736,45.44791,-6.893753,106.7286,47.41997,4.916822,109.8573,44.5671,-3.394625,103.9992,15.2608,-25.09257,113.6786,28.58557,-16.21212,104.5664,31.9313,-1.427144,100.1996,34.35928,7.486902,108.7488,40.15291,0.1890486,-0.363935,-0.9120373,-0.09867973,-0.5723477,0.8140519,-0.1756275,-0.5001662,0.847932,-0.2815056,-0.4446455,0.8503205,-0.5210658,-0.2062054,0.8282329,47.2674,53.33599,60.77208,58.43398,45.81116,18.36592,17.54312,17.22968,16.39513,14.56344,FALSE,FALSE,FALSE,FALSE,FALSE,
0,18.79894,81.95588,87.31847,78.74757,66.74793,63.90714,-7.351919,103.5811,18.82405,-28.27457,122.1078,44.01738,-20.66773,112.8496,46.51711,-7.253069,106.3658,48.2707,4.599008,109.2813,45.36697,-3.71008,103.8858,15.71181,-25.1654,113.8877,28.96926,-16.3285,104.7996,32.34343,-1.634821,100.4368,34.89669,7.182516,108.8219,40.73434,0.1786707,-0.3739839,-0.910062,-0.09200567,-0.5624154,0.8217201,-0.1742072,-0.4930526,0.8523796,-0.2815368,-0.4377686,0.853871,-0.5150079,-0.195426,0.834611,47.2674,53.33599,60.77208,58.43398,45.81116,18.36592,17.54312,17.22968,16.39513,14.56344,FALSE,FALSE,FALSE,FALSE,FALSE,
0,18.79894,81.95588,87.31847,78.74757,66.74793,63.90714,-7.351919,103.5811,18.82405,-28.27457,122.1078,44.01738,-20.66773,112.8496,46.51711,-7.253069,106.3658,48.2707,4.599008,109.2813,45.36697,-3.71008,103.8858,15.71181,-25.1654,113.8877,28.96926,-16.3285,104.7996,32.34343,-1.634821,100.4368,34.89669,7.182516,108.8219,40.73434,0.1786707,-0.3739839,-0.910062,-0.09200567,-0.5624154,0.8217201,-0.1742072,-0.4930526,0.8523796,-0.2815368,-0.4377686,0.853871,-0.5150079,-0.195426,0.834611,47.2674,53.33599,60.77208,58.43398,45.81116,18.36592,17.54312,17.22968,16.39513,14.56344,FALSE,FALSE,FALSE,FALSE,FALSE,
0,18.83502,55.69849,49.95362,44.66133,41.51729,43.24691,-8.403553,102.7851,19.83573,-28.44165,121.8801,45.34353,-21.09148,112.4682,47.64565,-7.777956,105.7454,49.2714,4.110755,108.4154,46.29869,-4.654417,103.4617,16.83431,-25.20701,114.0021,29.20576,-16.44137,104.9957,32.73963,-2.055061,100.8253,35.96329,6.56232,108.7536,41.9547,0.1665896,-0.3894695,-0.9058484,-0.08741619,-0.5534,0.8283157,-0.1730121,-0.4855555,0.8569146,-0.2794638,-0.4285096,0.8592319,-0.505662,-0.181475,0.8434292,47.2674,53.33599,60.77208,58.43398,45.81116,18.36592,17.54312,17.22968,16.39513,14.56344,FALSE,FALSE,FALSE,FALSE,FALSE,
0,18.84409,60.39943,46.76478,40.76362,38.69543,43.71739,-8.789461,102.5032,20.15101,-28.47595,121.7184,45.68733,-21.19206,112.2719,47.91838,-7.903992,105.4849,49.49579,3.988133,108.0858,46.54308,-4.945428,103.3382,17.13273,-25.21316,114.0183,29.2411,-16.46752,105.0378,32.82977,-2.189283,100.9363,36.29672,6.396783,108.7078,42.27978,0.1645217,-0.3959664,-0.9034064,-0.08625185,-0.5516967,0.829573,-0.1731988,-0.4845927,0.8574218,-0.2797416,-0.4274094,0.8596894,-0.5033528,-0.1781115,0.8455248,47.2674,53.33599,60.77208,58.43398,45.81116,18.36592,17.54312,17.22968,16.39513,14.56344,FALSE,FALSE,FALSE,FALSE,FALSE,
0,18.86519,44.02082,34.11353,25.63738,24.88809,31.42904,-9.147639,102.0331,20.56782,-28.54606,121.6432,46.22237,-21.36687,112.1412,48.2733,-8.116586,105.237,49.75267,3.768943,107.718,46.83305,-5.637007,102.9648,17.85522,-25.22255,114.0424,29.29594,-16.54352,105.1538,33.08679,-2.704549,101.3258,37.54462,5.962209,108.5346,43.12514,0.1637933,-0.4078284,-0.8982471,-0.08252497,-0.549744,0.8312467,-0.1720522,-0.4845076,0.8577007,-0.2784422,-0.4267351,0.8604459,-0.4975707,-0.1731156,0.8499732,47.2674,53.33599,60.77208,58.43398,45.81116,18.36592,17.54312,17.22968,16.39513,14.56344,FALSE,FALSE,FALSE,FALSE,FALSE,
0,18.87684,32.41459,24.66368,16.37592,16.89509,22.9522,-9.227347,101.9118,20.56905,-28.56178,121.671,46.30795,-21.42275,112.1498,48.2721,-8.184754,105.2041,49.72631,3.701634,107.6519,46.85061,-6.033238,102.745,18.23948,-25.22561,114.0501,29.31365,-16.61483,105.2603,33.32082,-3.215638,101.7003,38.74487,5.70735,108.4296,43.59883,0.1664912,-0.4126635,-0.8955386,-0.08189718,-0.5501702,0.8310269,-0.1726842,-0.4859764,0.8567421,-0.2790156,-0.4280629,0.8596002,-0.4964207,-0.1726953,0.8507308,47.2674,53.33599,60.77208,58.43398,45.81116,18.36592,17.54312,17.22968,16.39513,14.56344,FALSE,FALSE,FALSE,FALSE,FALSE,
0,18.88877,23.82176,16.82387,9.040525,10.75184,15.29895,-9.361675,101.9344,20.49574,-28.56604,121.7893,46.34177,-21.47865,112.2457,48.18829,-8.246984,105.2555,49.66608,3.644243,107.662,46.84483,-6.48023,102.5185,18.61988,-25.22805,114.0565,29.32784,-16.81973,105.5652,33.97455,-4.026343,102.2943,40.60034,5.440242,108.3238,44.08067,0.1680597,-0.4164521,-0.8934895,-0.08221841,-0.5506391,0.8306845,-0.1747835,-0.4880856,0.8551159,-0.28032,-0.4290892,0.8586636,-0.4958065,-0.1719403,0.8512417,47.2674,53.33599,60.77208,58.43398,45.81116,18.36592,17.54312,17.22968,16.39513,14.56344,FALSE,FALSE,FALSE,FALSE,FALSE,
0,18.91582,13.70458,11.76352,9.484977,17.42905,6.600431,-9.579836,102.0612,20.43352,-28.57454,122.1639,46.37113,-21.58061,112.5522,48.18366,-8.443398,105.4521,49.29482,3.505,107.7446,46.73658,-7.469181,102.0784,19.36728,-25.29132,114.2261,29.69098,-18.16958,107.6109,38.18973,-5.493116,103.3669,43.65953,4.75363,108.0871,45.20218,0.1702168,-0.4233834,-0.8898161,-0.08370301,-0.5532112,0.8288252,-0.1762926,-0.4892227,0.8541558,-0.2873908,-0.4348653,0.8534042,-0.4961688,-0.1715061,0.8511182,47.2674,53.33599,60.77208,58.43398,45.81116,18.36592,17.54312,17.22968,16.39513,14.56344,FALSE,FALSE,FALSE,FALSE,FALSE,
0,18.9297,21.42777,23.32434,24.95682,26.88694,16.01977,-9.81378,102.5543,20.1995,-28.5833,122.7726,46.29285,-21.71934,113.103,47.87574,-8.626031,105.8652,48.96537,3.35434,108.0344,46.43591,-7.892015,102.0355,19.56775,-25.49744,114.8195,30.86012,-19.06437,109.0486,40.70973,-6.009441,103.7913,44.54186,4.494423,108.0676,45.48542,0.1684115,-0.4245292,-0.8896137,-0.08661242,-0.5572494,0.8258156,-0.1818382,-0.4947111,0.849821,-0.2915213,-0.4383677,0.8502053,-0.4981488,-0.1727103,0.849717,47.2674,53.33599,60.77208,58.43398,45.81116,18.36592,17.54312,17.22968,16.39513,14.56344,FALSE,FALSE,FALSE,FALSE,FALSE,
0,18.94492,48.03516,59.34241,62.98962,59.04111,47.39337,-10.01852,103.6684,19.28559,-28.58524,124.2802,45.52963,-21.99474,114.4378,46.85905,-9.059676,106.8656,47.88825,2.983439,108.7544,45.39228,-8.209764,102.214,19.52317,-25.90748,116.2113,33.04655,-19.93268,110.6999,42.55021,-6.553217,104.3541,45.12527,4.266135,108.1645,45.49712,0.1708936,-0.4279619,-0.8874931,-0.09992407,-0.568574,0.8165408,-0.1959851,-0.5048779,0.8406475,-0.3034055,-0.4447739,0.8426869,-0.5045363,-0.1745118,0.8455701,47.2674,53.33599,60.77208,58.43398,45.81116,18.36592,17.54312,17.22968,16.39513,14.56344,FALSE,FALSE,FALSE,FALSE,FALSE,
0,18.96023,125.7497,132.0046,135.1029,132.6497,111.5055,-9.832932,105.8934,16.37296,-28.55804,126.6416,42.78448,-22.3093,116.5662,43.95739,-9.692505,108.5305,44.84909,2.481646,110.0674,42.73786,-8.361146,102.6393,19.05474,-26.29933,117.9272,34.67485,-20.55364,112.3057,42.90163,-7.01845,104.9855,45.05106,4.079639,108.3595,45.21499,0.1865473,-0.4165694,-0.8897584,-0.1363508,-0.5930863,0.7935094,-0.229644,-0.5249693,0.8195553,-0.3384541,-0.4634691,0.8189293,-0.5300289,-0.1858664,0.827359,47.2674,53.33599,60.77208,58.43398,45.81116,18.36592,17.54312,17.22968,16.39513,14.56344,FALSE,FALSE,FALSE,FALSE,FALSE,
0,18.97642,179.5546,193.7675,190.999,191.267,181.1335,-8.768181,104.2067,11.85797,-28.95578,124.3994,37.57396,-22.26474,114.6565,39.04002,-9.341481,107.2208,40.16497,2.809721,109.2657,38.21771,-8.344907,102.7023,18.4685,-26.52427,118.5329,34.95601,-20.81268,112.693,42.26444,-7.200539,105.1657,44.64156,4.009696,108.4065,44.82279,0.2250735,-0.4188918,-0.8796997,-0.1261485,-0.5913522,0.7964855,-0.2221973,-0.5255165,0.8212556,-0.3364057,-0.4710317,0.815451,-0.5443386,-0.2034544,0.8138192,47.2674,53.33599,60.77208,58.43398,45.81116,18.36592,17.54312,17.22968,16.39513,14.56344,FALSE,FALSE,FALSE,FALSE,FALSE,
0,18.99322,256.0493,267.3156,253.9193,246.0608,268.8206,-10.58391,99.20906,7.478528,-30.55923,118.8587,33.60041,-23.0342,109.7739,34.98773,-9.492187,103.4188,35.72536,2.289686,106.2821,32.57565,-8.464645,102.4366,17.75815,-26.86405,118.5662,34.83999,-21.10257,112.3116,41.26127,-7.326843,105.071,44.13291,3.95207,108.3337,44.40969,0.2065721,-0.438748,-0.8745446,-0.03294554,-0.5659574,0.8237759,-0.1332351,-0.5066251,0.8518096,-0.2503614,-0.460346,0.8517046,-0.4908059,-0.2164279,0.84396,47.2674,53.33599,60.77208,58.43398,45.81116,18.36592,17.54312,17.22968,16.39513,14.56344,FALSE,FALSE,FALSE,FALSE,FALSE,
0,19.00893,492.566,495.3052,463.9057,417.6597,425.6975,-13.84515,86.74371,3.336234,-30.52871,106.5793,28.62177,-22.30413,98.33026,30.41948,-8.141588,93.26586,31.40456,3.184952,96.60497,27.22707,-9.44739,100.1308,15.55607,-27.36914,116.8162,33.93229,-21.32293,109.8033,39.25528,-7.404872,103.9544,42.90125,3.911469,107.7306,43.52143,0.1435515,-0.5109232,-0.8475556,0.05635735,-0.4536671,0.8893874,-0.05245275,-0.4050679,0.9127808,-0.1679123,-0.3625791,0.9167016,-0.4283473,-0.1411051,0.892529,47.2674,53.33599,60.77208,58.43398,45.81116,18.36592,17.54312,17.22968,16.39513,14.56344,FALSE,FALSE,FALSE,FALSE,FALSE,
0,19.02332,546.9195,492.3881,472.1927,434.6237,469.4539,-17.985,79.12066,0.3302508,-30.90653,100.8525,24.57236,-22.7389,92.7186,26.54085,-8.352386,87.92139,27.50919,2.690763,90.72298,22.28881,-12.17229,94.64166,11.39239,-27.9665,113.9463,32.24929,-21.64627,106.2206,36.5205,-7.532251,101.8531,40.84962,3.819653,106.4889,41.96501,0.06634405,-0.5939059,-0.8017944,0.1104742,-0.3492322,0.9305011,-0.004373412,-0.3058187,0.9520797,-0.1130694,-0.2551691,0.9602625,-0.3769389,-0.03817644,0.925451,47.2674,53.33599,60.77208,58.43398,45.81116,18.36592,17.54312,17.22968,16.39513,14.56344,FALSE,FALSE,FALSE,FALSE,FALSE,
0,19.04712,781.8059,802.3053,802.6055,763.4792,745.7501,-4.540519,77.69304,-24.41041,-22.6303,93.66553,0.6957186,-13.76813,86.36781,2.418553,0.9382244,83.32411,4.478089,12.05361,88.07349,0.5874531,-11.09795,91.67978,4.973194,-27.10065,109.3068,26.22281,-20.17276,101.0645,29.06313,-6.450975,98.54233,35.44767,4.481356,104.2903,37.89102,0.2395902,-0.4544546,-0.8579438,0.05148059,-0.4693998,0.8814837,-0.0740284,-0.4481896,0.8908681,-0.1922623,-0.4168037,0.8884311,-0.4963073,-0.2449683,0.8328683,47.2674,53.33599,60.77208,58.43398,45.81116,18.36592,17.54312,17.22968,16.39513,14.56344,FALSE,FALSE,FALSE,FALSE,FALSE,
0,19.06824,829.0496,807.2044,822.1243,874.7664,739.7258,3.31875,84.66745,-42.88268,-19.13323,90.54502,-17.34362,-9.606968,84.05328,-16.35376,4.892653,82.40331,-15.97406,15.93785,89.0054,-15.31662,-8.662605,89.91518,-4.419274,-26.05241,106.6918,20.55654,-18.70517,98.49747,22.64632,-5.424569,96.93398,30.76403,5.158824,103.2908,34.66303,0.3912955,-0.1564165,-0.9068747,0.01979508,-0.7038746,0.7100483,-0.1092148,-0.6959717,0.7097151,-0.2571156,-0.7234135,0.640753,-0.5707592,-0.5523569,0.6075654,47.2674,53.33599,60.77208,58.43398,45.81116,18.36592,17.54312,17.22968,16.39513,14.56344,FALSE,FALSE,FALSE,FALSE,FALSE,
0,19.07733,522.5181,1168.162,1256.992,1165.916,846.4766,-23.29461,73.61844,-11.21546,-23.30721,147.8723,-43.30332,10.38007,149.0985,-52.3082,38.91136,137.1302,-46.16462,56.16119,107.4995,-28.95481,-9.030023,88.10369,-5.464881,-26.047,105.0713,17.89002,-18.53248,97.19447,19.80767,-5.126053,96.15281,28.82997,5.893178,102.1124,32.62774,0.09348316,-0.3645467,-0.9264808,-0.1657172,-0.9826019,-0.08385212,-0.3333993,-0.9411975,-0.05470131,-0.4049014,-0.9049164,-0.1310768,-0.5804254,-0.8093492,-0.08977865,47.2674,53.33599,60.77208,58.43398,45.81116,18.36592,17.54312,17.22968,16.39513,14.56344,FALSE,FALSE,FALSE,FALSE,FALSE,
4,19.0954,1101.086,985.3749,1289.723,1216.755,1069.569,-33.07489,66.55589,17.99575,-28.72597,140.9566,-51.88945,14.42181,141.4331,-64.17582,51.52439,124.6876,-53.72848,71.89751,104.0718,-26.45737,-11.34601,84.44968,-2.976209,-26.20132,104.8347,15.84868,-18.01814,97.09373,17.45913,-4.204577,95.90209,26.66582,12.18054,98.1846,25.04847,-0.1698128,-0.5739516,-0.8010888,-0.2910751,-0.5182127,-0.8041958,-0.1871005,-0.5280716,-0.8283319,-0.08882428,-0.5771602,-0.8117859,0.01560532,-0.7240712,-0.6895487,47.2674,53.33599,60.77208,58.43398,45.81116,18.36592,17.54312,17.22968,16.39513,14.56344,FALSE,TRUE,TRUE,TRUE,TRUE,
4,19.11348,829.8448,887.2598,1119.164,1083.095,908.0156,-34.47049,65.17397,25.58652,-31.42115,138.2539,-47.89497,14.81087,136.3538,-61.74411,52.75329,119.9512,-50.52108,74.15228,101.8117,-22.45695,-13.86424,81.8166,0.3708138,-26.73504,105.7357,10.48894,-16.17123,98.21261,11.477,-0.08976002,96.32851,19.64388,26.70493,95.13855,12.42994,-0.271392,-0.5948238,-0.7566578,-0.3220815,-0.1188504,-0.939222,-0.04607546,-0.1528295,-0.9871779,0.1478163,-0.2837896,-0.9474248,0.2875643,-0.4613577,-0.8393187,47.2674,53.33599,60.77208,58.43398,45.81116,18.36592,17.54312,17.22968,16.39513,14.56344,FALSE,TRUE,TRUE,TRUE,TRUE,
4,19.13155,511.9644,691.1452,838.6053,809.4612,674.0704,-35.67253,65.13635,26.992,-32.67529,137.6805,-46.6864,14.92759,135.7547,-61.05577,53.17255,119.8391,-49.70759,75.69098,101.5319,-21.0534,-16.13742,79.88162,3.217006,-27.85688,109.6118,0.5891127,-12.15001,102.2101,0.8043362,8.867677,99.11662,6.758859,45.84987,95.17612,-1.723067,-0.3111575,-0.5892718,-0.7456136,-0.3278192,0.06278999,-0.9426516,0.01588694,0.03286625,-0.9993335,0.240347,-0.1216071,-0.9630395,0.4051272,-0.3086829,-0.8605735,47.2674,53.33599,60.77208,58.43398,45.81116,18.36592,17.54312,17.22968,16.39513,14.56344,FALSE,TRUE,TRUE,TRUE,TRUE,
4,19.14963,318.7324,450.1626,560.3844,519.2398,441.0398,-36.86783,65.02758,27.6139,-33.23363,137.436,-46.04499,14.58796,136.101,-60.58188,53.46549,119.5067,-49.3012,76.54322,101.1326,-20.34575,-18.38002,78.20536,5.84215,-29.64578,116.98,-13.84684,-5.497633,110.0622,-15.45209,22.40064,104.5123,-11.10432,62.61853,97.11431,-12.34318,-0.3364809,-0.5819007,-0.7403865,-0.330716,0.1359923,-0.9338806,0.0369751,0.1261154,-0.9913263,0.2776297,-0.05375656,-0.959183,0.4578865,-0.2421523,-0.8553959,47.2674,53.33599,60.77208,58.43398,45.81116,18.36592,17.54312,17.22968,16.39513,14.56344,FALSE,TRUE,TRUE,TRUE,TRUE,
4,19.15869,259.5932,343.841,436.6966,389.7353,342.202,-37.61824,65.14561,27.8267,-33.39374,137.3448,-45.87498,14.42639,136.2457,-60.44618,53.54383,119.2064,-49.19544,76.82479,100.9915,-20.14042,-19.62579,77.37208,7.215884,-30.65888,121.2372,-21.54429,-1.618473,114.9957,-24.71665,29.6499,107.496,-20.34559,68.42313,98.05609,-15.59819,-0.3495154,-0.5770984,-0.7381033,-0.3319141,0.1495821,-0.9313744,0.03985283,0.1478231,-0.9882106,0.2841341,-0.04507857,-0.9577243,0.4703041,-0.227529,-0.8526691,47.2674,53.33599,60.77208,58.43398,45.81116,18.36592,17.54312,17.22968,16.39513,14.56344,FALSE,TRUE,TRUE,TRUE,TRUE,
4,19.17676,157.6543,194.3659,239.4665,215.5896,197.261,-38.11392,64.59345,28.051,-33.65226,136.9402,-45.55189,14.1414,135.9349,-60.39666,53.72385,118.5472,-49.30603,77.36674,100.3182,-20.19268,-22.32345,75.58315,10.13912,-32.47971,128.752,-34.44175,5.502625,124.3218,-41.71553,41.93793,112.4656,-35.68039,74.97453,98.94776,-18.92722,-0.3638943,-0.5720881,-0.7350485,-0.3368841,0.1730435,-0.925508,0.0375833,0.1684697,-0.9849901,0.289773,-0.03172719,-0.9565694,0.4824872,-0.2137002,-0.8494341,47.2674,53.33599,60.77208,58.43398,45.81116,18.36592,17.54312,17.22968,16.39513,14.56344,FALSE,TRUE,TRUE,TRUE,TRUE,
4,19.19487,97.31508,102.0944,122.996,127.4573,119.5001,-38.56993,64.20168,28.05324,-33.74966,136.4693,-45.59561,13.97739,135.433,-60.67931,54.10842,117.9469,-49.66271,77.94024,99.63139,-20.51014,-25.4365,73.54428,13.40263,-33.60904,133.2462,-41.90706,10.18714,130.5,-53.10705,49.53468,115.3191,-44.70112,77.53268,98.91042,-20.03265,-0.3754648,-0.5685038,-0.7320039,-0.3410479,0.1861454,-0.9214316,0.03356901,0.1778725,-0.9834808,0.296507,-0.020031,-0.9548206,0.4918783,-0.2047943,-0.8462358,47.2674,53.33599,60.77208,58.43398,45.81116,18.36592,17.54312,17.22968,16.39513,14.56344,FALSE,TRUE,TRUE,TRUE,TRUE,
4,19.21289,61.38322,48.07076,56.32203,82.87691,79.60741,-38.89353,63.75219,27.92599,-33.77165,135.8567,-45.92659,13.88817,134.6013,-61.27943,54.54244,117.1624,-50.30061,78.43565,98.71824,-21.15654,-29.00346,71.19721,17.0227,-34.0426,134.8116,-44.94444,12.2019,132.8782,-58.43122,53.04495,116.1895,-48.65914,78.57642,98.29462,-20.75337,-0.3853052,-0.5671148,-0.7279565,-0.3448011,0.1961544,-0.9179519,0.02932263,0.1812045,-0.9830082,0.3020287,-0.0114212,-0.9532304,0.4972062,-0.2004083,-0.8441697,47.2674,53.33599,60.77208,58.43398,45.81116,18.36592,17.54312,17.22968,16.39513,14.56344,FALSE,TRUE,TRUE,TRUE,TRUE,
4,19.23099,42.24852,28.99808,36.3124,60.29246,63.01716,-39.3105,63.52718,27.63954,-33.70825,135.522,-46.3765,13.89767,133.9394,-61.9341,54.88678,116.3293,-50.98384,78.84052,97.82562,-21.81158,-33.15358,68.46761,20.98582,-34.07608,135.1093,-45.99642,12.80026,133.2854,-60.26265,54.44333,116.009,-50.26206,79.16813,97.57467,-21.4008,-0.3942685,-0.5648,-0.7249506,-0.3463969,0.2061969,-0.9151459,0.02723046,0.1845144,-0.9824525,0.3053538,-0.008874515,-0.9521976,0.5018097,-0.1980294,-0.8420044,47.2674,53.33599,60.77208,58.43398,45.81116,18.36592,17.54312,17.22968,16.39513,14.56344,FALSE,TRUE,TRUE,TRUE,TRUE,
4,19.24912,35.28035,22.36588,30.29242,49.71268,52.88475,-39.45644,62.89032,27.04634,-33.66076,135.2779,-46.76693,13.8587,133.5323,-62.44242,55.25847,115.9139,-51.49724,79.17369,97.23081,-22.37726,-36.894,65.85377,24.19305,-33.99829,135.1907,-46.44211,12.9863,133.3036,-60.9601,55.16657,115.7526,-51.03241,79.57073,97.03844,-21.9425,-0.3973688,-0.5617348,-0.725639,-0.3454373,0.2193938,-0.9124359,0.02631818,0.1914374,-0.9811519,0.3108449,-0.001027323,-0.9504601,0.5065157,-0.1927855,-0.8404021,47.2674,53.33599,60.77208,58.43398,45.81116,18.36592,17.54312,17.22968,16.39513,14.56344,FALSE,TRUE,TRUE,TRUE,TRUE,
4,19.25809,35.53654,23.08269,27.00305,43.13889,44.05049,-39.89534,63.01525,26.9524,-33.64538,135.334,-46.93473,13.83225,133.4435,-62.62269,55.41308,115.8169,-51.61563,79.24741,97.03275,-22.48217,-38.34347,64.97312,25.21535,-33.95557,135.2567,-46.59171,13.02882,133.2995,-61.14809,55.43525,115.6966,-51.25005,79.70047,96.86806,-22.09371,-0.4017314,-0.55962,-0.7248705,-0.3438525,0.2237595,-0.9119743,0.02710993,0.1935099,-0.9807237,0.3145048,0.001878039,-0.949254,0.5092489,-0.1917349,-0.8389895,47.2674,53.33599,60.77208,58.43398,45.81116,18.36592,17.54312,17.22968,16.39513,14.56344,FALSE,TRUE,TRUE,TRUE,TRUE,
4,19.27618,35.11425,24.88958,21.17302,33.28158,32.23704,-40.46286,63.14627,26.75026,-33.61142,135.5803,-47.13988,13.73495,133.4771,-62.92058,55.65802,115.8948,-51.90042,79.47661,96.95818,-22.79547,-40.34281,64.02515,26.30901,-33.85882,135.4856,-46.82966,13.07226,133.3091,-61.37737,55.85972,115.7775,-51.57776,79.95277,96.79227,-22.37378,-0.4087105,-0.5555683,-0.7240853,-0.3415089,0.2347623,-0.910087,0.02705109,0.1992676,-0.9795717,0.3189753,0.009177042,-0.9477186,0.5139645,-0.185925,-0.83742,47.2674,53.33599,60.77208,58.43398,45.81116,18.36592,17.54312,17.22968,16.39513,14.56344,FALSE,TRUE,TRUE,TRUE,TRUE,
4,19.29423,25.59398,27.90294,20.51901,26.20835,27.966,-40.69228,63.26463,26.45775,-33.57057,135.9974,-47.31124,13.62304,133.7023,-63.21159,55.68614,116.063,-52.28563,79.67532,97.11255,-23.19994,-41.34644,63.82724,26.55531,-33.72825,135.9187,-47.04622,13.09215,133.3353,-61.52462,56.04322,115.9185,-51.87062,80.15601,96.90759,-22.66149,-0.4121054,-0.5527181,-0.7243423,-0.3398486,0.2443708,-0.9081772,0.02591868,0.2038093,-0.9786674,0.318813,0.01245114,-0.9477358,0.5169582,-0.1801304,-0.8368436,47.2674,53.33599,60.77208,58.43398,45.81116,18.36592,17.54312,17.22968,16.39513,14.56344,FALSE,TRUE,TRUE,TRUE,TRUE,
4,19.31237,40.87019,44.24519,39.9646,41.79713,41.8583,-40.75913,63.62349,25.31717,-33.47699,136.8694,-47.98607,13.65368,134.5357,-63.93724,55.76507,116.7707,-53.13366,79.84477,97.63815,-24.12755,-41.61407,63.97304,26.13228,-33.59146,136.5983,-47.47974,13.11194,133.4173,-61.71503,56.12137,116.1976,-52.28737,80.28185,97.13766,-23.10618,-0.4128171,-0.547389,-0.7279748,-0.3388213,0.2532401,-0.9061289,0.02567322,0.2105516,-0.9772456,0.3188532,0.01796529,-0.9476338,0.5188469,-0.1742438,-0.8369212,47.2674,53.33599,60.77208,58.43398,45.81116,18.36592,17.54312,17.22968,16.39513,14.56344,FALSE,TRUE,TRUE,TRUE,TRUE,
4,19.33042,45.15321,47.86368,45.88992,46.94069,46.43686,-40.75862,64.0969,24.48858,-33.46307,137.7125,-48.44877,13.61632,135.3491,-64.48981,55.77034,117.4881,-53.82064,79.92422,98.20188,-24.90958,-41.65749,64.13326,25.69799,-33.50219,137.4103,-47.97847,13.13693,133.6252,-62.03278,56.16708,116.6041,-52.7552,80.3671,97.42982,-23.56749,-0.4136369,-0.543335,-0.7305421,-0.3393541,0.2591207,-0.904265,0.0244652,0.2149161,-0.976326,0.3177308,0.02161226,-0.9479346,0.5187292,-0.1707726,-0.8377092,47.2674,53.33599,60.77208,58.43398,45.81116,18.36592,17.54312,17.22968,16.39513,14.56344,FALSE,TRUE,TRUE,TRUE,TRUE,
4,19.34852,54.18377,55.64316,47.49465,57.50921,58.19884,-40.80093,65.00039,23.68244,-33.69497,138.7291,-49.06666,13.28219,135.9168,-65.32556,55.52246,118.3692,-54.72796,79.76172,99.03549,-25.91232,-41.65672,64.36269,25.33484,-33.56363,138.3214,-48.52378,13.13577,133.9094,-62.46769,56.1286,117.0949,-53.28887,80.38248,97.77863,-24.04931,-0.412441,-0.5422128,-0.7320504,-0.3416352,0.2610222,-0.9028581,0.02066538,0.2056256,-0.9784125,0.3147907,0.02153503,-0.9489168,0.5166293,-0.1699168,-0.8391796,47.2674,53.33599,60.77208,58.43398,45.81116,18.36592,17.54312,17.22968,16.39513,14.56344,FALSE,TRUE,TRUE,TRUE,TRUE,
4,19.36657,78.47655,56.44812,79.53571,74.16693,77.89689,-39.89712,65.78913,22.83219,-34.52554,138.994,-50.05367,12.21212,134.8545,-66.78173,54.59592,118.6865,-56.16814,79.15819,99.83279,-27.38916,-41.47409,64.60632,24.9412,-33.92071,138.7936,-49.14972,13.04998,133.9861,-62.8983,55.88969,117.4857,-53.92775,80.28101,98.16325,-24.61904,-0.3904106,-0.5555797,-0.7341054,-0.3492659,0.2462416,-0.9040898,0.008849363,0.1634892,-0.9865054,0.3041924,0.006811608,-0.9525863,0.5095488,-0.1766003,-0.8421237,47.2674,53.33599,60.77208,58.43398,45.81116,18.36592,17.54312,17.22968,16.39513,14.56344,FALSE,TRUE,TRUE,TRUE,TRUE,
4,19.376,100.6216,71.45396,133.8395,98.88465,89.98574,-38.98663,66.38238,22.59171,-35.28655,138.3015,-50.83519,11.21465,132.9784,-67.86472,53.56593,117.8888,-57.20369,78.45165,99.80708,-28.34172,-41.17831,64.78396,24.66677,-34.23002,138.6635,-49.55138,12.90192,133.8255,-63.27595,55.60442,117.484,-54.35207,80.14531,98.30811,-24.95851,-0.3746551,-0.5687363,-0.732238,-0.3561024,0.2229548,-0.9074592,-0.001600409,0.1218438,-0.992548,0.2916203,-0.0179306,-0.9563661,0.4997945,-0.1909304,-0.8448378,47.2674,53.33599,60.77208,58.43398,45.81116,18.36592,17.54312,17.22968,16.39513,14.56344,FALSE,TRUE,TRUE,TRUE,TRUE,
4,19.39948,135.0127,179.3655,343.6547,290.8703,209.5272,-36.68785,68.5724,22.4872,-37.62583,133.811,-53.86293,8.051979,123.1805,-71.23942,48.98543,110.5468,-60.44084,74.25416,96.5262,-31.62682,-39.60193,65.73743,23.71357,-35.47237,136.8042,-51.21816,11.59354,130.6916,-65.5183,53.31886,115.1005,-56.4538,78.94946,98.0482,-26.39929,-0.3459756,-0.6130771,-0.7102375,-0.3731324,0.1316243,-0.9183939,-0.03053473,-0.03701749,-0.998848,0.2333536,-0.1499649,-0.9607584,0.4296089,-0.2746122,-0.8602467,47.2674,53.33599,60.77208,58.43398,45.81116,18.36592,17.54312,17.22968,16.39513,14.56344,FALSE,TRUE,TRUE,TRUE,TRUE,
4,19.41348,781.5787,604.5101,719.6206,695.8723,424.2073,-19.01469,69.93827,4.462084,-28.66381,102.1458,-27.59683,0.07292432,80.80539,-33.05646,21.79433,76.88125,-26.05656,46.7351,80.11855,-11.30543,-32.39673,66.92269,17.15513,-36.01806,126.953,-48.56923,9.823387,122.405,-64.29607,45.80871,108.8718,-55.32748,75.23565,95.75595,-26.71653,-0.1262735,-0.4039983,-0.9060024,-0.4026198,-0.3561739,-0.8432304,-0.1035631,-0.4270991,-0.8982544,-0.0264005,-0.4630508,-0.8859385,0.2255168,-0.5067126,-0.8320965,47.2674,53.33599,60.77208,58.43398,45.81116,18.36592,17.54312,17.22968,16.39513,14.56344,FALSE,TRUE,TRUE,TRUE,TRUE,
4,19.42736,582.0791,700.9638,854.7736,908.6664,715.8848,-18.86291,77.22633,1.192221,-25.9166,97.66205,-23.08213,-2.359657,78.48425,-32.3959,16.00924,75.34959,-23.93789,38.58064,77.4826,-9.643938,-27.70402,69.96168,11.91287,-33.85968,118.0279,-42.56598,7.219388,112.8441,-59.37451,36.47215,100.7184,-49.47779,66.84346,91.72448,-24.59813,-0.1047142,-0.3168566,-0.9426754,-0.3122557,-0.6570144,-0.6861694,-0.1709993,-0.6488281,-0.7414724,-0.1725566,-0.6561025,-0.7346793,-0.002866324,-0.6389781,-0.7692196,47.2674,53.33599,60.77208,58.43398,45.81116,18.36592,17.54312,17.22968,16.39513,14.56344,FALSE,TRUE,TRUE,TRUE,TRUE,
1,19.44705,359.8566,660.697,958.8508,1024.899,891.337,-21.46402,85.62345,6.496938,-25.43945,100.6702,-15.75964,-7.786335,77.79748,-21.64452,10.18685,74.73778,-13.15463,31.40159,75.71355,-0.1080328,-23.69408,76.47117,8.60284,-30.67426,110.3401,-33.03029,2.732004,100.5211,-48.73457,25.73847,89.90662,-37.07066,53.21191,84.63251,-16.53428,-0.110242,-0.3484266,-0.9308306,-0.3252264,-0.8441685,-0.4261541,-0.3243112,-0.8087307,-0.4906902,-0.3575221,-0.7980954,-0.4849966,-0.29396,-0.760838,-0.5785438,47.2674,53.33599,60.77208,58.43398,45.81116,18.36592,17.54312,17.22968,16.39513,14.56344,FALSE,FALSE,FALSE,FALSE,TRUE,
0,19.4651,394.383,419.4459,709.4282,661.2073,671.2365,-20.22194,93.71293,6.356844,-25.92548,110.8251,-14.39304,-11.92817,84.99875,-16.68119,7.473427,82.45507,-13.23781,26.98154,81.19044,1.835479,-20.77279,85.70864,6.976326,-29.43093,110.321,-28.14401,-1.069049,96.0955,-40.82969,19.06064,86.96482,-28.90226,41.96788,82.51611,-9.091558,-0.07373028,-0.3045557,-0.9496366,-0.3674223,-0.8442005,-0.3902901,-0.4266217,-0.8183267,-0.3851433,-0.4499633,-0.7749486,-0.4438329,-0.4784953,-0.7280335,-0.4909272,47.2674,53.33599,60.77208,58.43398,45.81116,18.36592,17.54312,17.22968,16.39513,14.56344,FALSE,FALSE,FALSE,FALSE,FALSE,
0,19.50124,343.9309,340.23,323.3826,398.9347,396.6202,-14.17697,103.717,4.437959,-24.6295,126.3397,-14.61666,-14.25745,98.24889,-16.36479,2.323784,90.94437,-8.458444,21.8786,90.45642,3.330138,-13.10427,100.1982,4.661788,-27.65835,115.6949,-22.68148,-5.412968,95.15289,-32.40838,11.18967,87.42204,-19.01907,27.69287,86.61935,0.06793227,0.02420339,-0.2512374,-0.9676228,-0.4309289,-0.7832873,-0.4480639,-0.5197516,-0.7743807,-0.3608223,-0.5728976,-0.7423029,-0.3475267,-0.6585178,-0.6357422,-0.4027234,47.2674,53.33599,60.77208,58.43398,45.81116,18.36592,17.54312,17.22968,16.39513,14.56344,FALSE,FALSE,FALSE,FALSE,FALSE,
0,19.51029,349.3048,393.5984,327.172,386.9115,369.2487,-12.99666,106.8894,4.029296,-23.71769,131.2481,-14.59747,-14.51446,102.7156,-16.95111,0.7849398,93.6081,-7.14772,20.38877,92.95928,3.540478,-11.66198,103.5323,4.177602,-26.86235,119.1691,-21.17353,-6.535997,96.07635,-30.52489,9.46312,88.25916,-17.02365,24.83617,88.75838,1.578681,0.04239106,-0.2332798,-0.9714852,-0.4572113,-0.75116,-0.4761474,-0.5475758,-0.7437199,-0.3834599,-0.6107363,-0.7196947,-0.3302132,-0.6957033,-0.59635,-0.4004541,47.2674,53.33599,60.77208,58.43398,45.81116,18.36592,17.54312,17.22968,16.39513,14.56344,FALSE,FALSE,FALSE,FALSE,FALSE,
0,19.52837,242.107,304.5968,253.9859,352.6336,307.6955,-11.37153,108.8433,4.285338,-23.46551,135.1729,-14.29751,-15.1651,106.2825,-17.01842,-2.150425,94.53207,-2.634048,17.71864,95.13626,5.395868,-9.636166,106.9957,4.227737,-25.31407,127.0958,-18.31971,-9.314438,99.17054,-26.16903,6.254017,89.67801,-13.03385,20.00355,92.43123,4.402021,0.06741618,-0.2309388,-0.9706299,-0.4768799,-0.7268089,-0.4943019,-0.5687215,-0.7217251,-0.3945487,-0.6504802,-0.7145964,-0.257347,-0.7440585,-0.567359,-0.3528182,47.2674,53.33599,60.77208,58.43398,45.81116,18.36592,17.54312,17.22968,16.39513,14.56344,FALSE,FALSE,FALSE,FALSE,FALSE,
0,19.54645,151.2239,176.7714,203.0344,258.5353,253.3482,-11.59353,109.9282,5.129427,-24.74603,135.3047,-11.49943,-16.99421,108.3725,-16.29604,-4.43082,95.60359,-1.01645,14.87731,96.43929,7.088776,-9.577209,108.4973,5.05267,-24.95939,131.5744,-15.17156,-12.66078,103.0535,-21.76414,3.449654,90.89328,-9.686009,16.13169,94.8001,6.910232,0.06291645,-0.2238582,-0.9725888,-0.4803098,-0.763167,-0.4322946,-0.5843068,-0.7099412,-0.3931527,-0.6665566,-0.7075571,-0.2346598,-0.7760377,-0.5532246,-0.3028333,47.2674,53.33599,60.77208,58.43398,45.81116,18.36592,17.54312,17.22968,16.39513,14.56344,FALSE,FALSE,FALSE,FALSE,FALSE,
0,19.56454,119.7931,242.2975,200.6827,205.8818,202.3813,-12.14973,111.0937,7.374229,-26.06963,133.5508,-5.591872,-19.30975,110.9664,-14.55122,-6.604177,97.37519,0.1758308,12.51783,97.75141,8.214529,-10.31471,109.803,6.975175,-25.22952,132.131,-12.10819,-16.14744,107.1937,-17.89509,0.5313794,92.4349,-6.606068,13.10113,96.60127,8.687852,0.05711738,-0.2203228,-0.9737533,-0.4819834,-0.8081735,-0.3384488,-0.6098587,-0.6885721,-0.392353,-0.6868742,-0.6896518,-0.2293124,-0.8020459,-0.530733,-0.273943,47.2674,53.33599,60.77208,58.43398,45.81116,18.36592,17.54312,17.22968,16.39513,14.56344,FALSE,FALSE,FALSE,FALSE,FALSE,
0,19.58261,96.83257,280.051,153.7737,137.2012,136.9398,-11.64676,110.6846,9.076612,-26.36154,130.5841,-1.006204,-20.58646,111.326,-13.02356,-7.49149,97.8623,0.8260583,11.507,98.15845,8.901725,-10.13429,109.5316,8.572649,-25.44096,131.5813,-9.823981,-18.70473,109.4278,-15.06209,-2.156393,93.83566,-3.865933,11.35028,97.49769,9.763495,0.07526851,-0.2384004,-0.9682458,-0.4589927,-0.8551596,-0.2408893,-0.6192588,-0.689815,-0.3750651,-0.6914208,-0.6867471,-0.2243116,-0.8101826,-0.5270756,-0.2565062,47.2674,53.33599,60.77208,58.43398,45.81116,18.36592,17.54312,17.22968,16.39513,14.56344,FALSE,FALSE,FALSE,FALSE,FALSE,
0,19.60071,77.08568,213.6516,130.6232,93.82481,92.07294,-11.139,109.8667,10.08918,-26.69391,128.3352,0.836561,-21.46658,110.352,-11.26257,-8.042459,97.46504,1.682347,10.85249,97.98536,9.684858,-9.973943,109.1803,9.411168,-25.6059,130.876,-8.139062,-20.15758,109.7217,-12.99999,-4.252687,94.77386,-1.677676,10.38653,97.69409,10.60155,0.09174725,-0.2554755,-0.9624525,-0.4490128,-0.8690989,-0.207496,-0.6234592,-0.7021108,-0.3440044,-0.6921827,-0.6896054,-0.2129027,-0.814323,-0.5281386,-0.2407231,47.2674,53.33599,60.77208,58.43398,45.81116,18.36592,17.54312,17.22968,16.39513,14.56344,FALSE,FALSE,FALSE,FALSE,FALSE,
0,19.60966,68.06438,261.7146,120.2216,82.08867,75.47227,-10.88743,109.6296,10.39928,-27.40101,124.7849,2.111185,-21.73515,109.9985,-10.57513,-8.24919,97.2933,2.154709,10.64369,97.98073,9.958862,-9.8952,109.0607,9.66106,-25.78331,130.1554,-7.208716,-20.59902,109.6295,-12.23725,-5.001728,95.05218,-0.8308514,10.09177,97.73193,10.90942,0.09838042,-0.2612168,-0.9602537,-0.447863,-0.8712069,-0.2010405,-0.6247011,-0.7067398,-0.3320653,-0.6927153,-0.6912239,-0.2058032,-0.8158449,-0.528128,-0.2355377,47.2674,53.33599,60.77208,58.43398,45.81116,18.36592,17.54312,17.22968,16.39513,14.56344,FALSE,FALSE,FALSE,FALSE,FALSE,
0,19.62782,88.03594,191.5173,86.67164,64.6325,53.08366,-9.684233,108.5261,11.49321,-28.51803,122.1439,1.971295,-22.10763,109.6298,-9.80353,-8.619469,97.01019,2.938874,10.25046,98.01161,10.4313,-9.606614,108.7225,10.1503,-26.55099,127.6956,-4.897112,-21.1752,109.426,-11.18583,-6.061872,95.37488,0.4446309,9.666541,97.77184,11.39655,0.1344315,-0.2896754,-0.9476372,-0.4586353,-0.8565366,-0.2366405,-0.6247647,-0.7120973,-0.3202912,-0.6924694,-0.6946965,-0.1946354,-0.8177217,-0.5290725,-0.2267456,47.2674,53.33599,60.77208,58.43398,45.81116,18.36592,17.54312,17.22968,16.39513,14.56344,FALSE,FALSE,FALSE,FALSE,FALSE,
0,19.64589,83.61414,119.9237,56.38282,51.61833,35.85213,-8.772185,107.7892,12.44693,-28.96919,121.2065,1.826927,-22.30218,109.4155,-9.440744,-8.886331,96.72309,3.591435,9.980169,98.02744,10.73891,-9.214766,108.3352,10.70173,-27.67863,124.4495,-2.322687,-21.51868,109.2683,-10.55227,-6.711897,95.50407,1.30091,9.374638,97.79404,11.73665,0.1635039,-0.3099296,-0.936595,-0.4608016,-0.8514497,-0.2503905,-0.6236611,-0.7154065,-0.3150242,-0.6916322,-0.6981367,-0.1850674,-0.8183477,-0.5304382,-0.2212291,47.2674,53.33599,60.77208,58.43398,45.81116,18.36592,17.54312,17.22968,16.39513,14.56344,FALSE,FALSE,FALSE,FALSE,FALSE,
0,19.66394,59.39689,76.98454,31.42291,39.87149,25.16349,-8.2548,107.5047,12.81329,-29.25449,120.5444,1.56971,-22.38721,109.2775,-9.395369,-9.066954,96.47169,4.062385,9.759507,98.09362,10.92092,-8.875389,108.0372,11.16698,-28.80134,121.353,-0.2636807,-21.74306,109.1412,-10.14542,-7.122374,95.54253,1.888718,9.174304,97.81826,11.94479,0.1804151,-0.3171825,-0.9310455,-0.4588336,-0.8500111,-0.2587527,-0.6204033,-0.718969,-0.313342,-0.6890156,-0.7027775,-0.1770911,-0.8175034,-0.5333409,-0.2173379,47.2674,53.33599,60.77208,58.43398,45.81116,18.36592,17.54312,17.22968,16.39513,14.56344,FALSE,FALSE,FALSE,FALSE,FALSE,
0,19.68205,51.36691,49.75114,16.46171,18.87519,18.61956,-7.48068,107.2072,13.10397,-29.54665,120.1123,1.422429,-22.55085,109.411,-9.455122,-9.231399,96.59593,3.981341,9.504684,98.31839,10.90498,-8.456248,107.7476,11.61594,-29.63611,119.2503,0.8745035,-21.95014,109.0574,-9.830951,-7.449784,95.58121,2.326958,8.940952,97.93237,12.06108,0.2027934,-0.3253576,-0.9235893,-0.4565298,-0.8496485,-0.2639658,-0.6180209,-0.7205821,-0.314343,-0.6866937,-0.7045193,-0.1791772,-0.8166074,-0.5349295,-0.2168015,47.2674,53.33599,60.77208,58.43398,45.81116,18.36592,17.54312,17.22968,16.39513,14.56344,FALSE,FALSE,FALSE,FALSE,FALSE,
0,19.7001,24.38576,26.4426,37.21511,33.96856,37.59431,-7.294351,107.7322,12.63149,-29.8395,120.9347,0.8499997,-22.83322,110.5123,-10.01853,-9.564312,97.49497,3.244977,9.190989,99.11574,10.1275,-7.948527,107.507,12.02345,-30.09391,118.9061,0.9597058,-22.2764,109.1833,-9.560718,-7.967317,95.76994,2.824963,8.65665,98.35543,11.76454,0.2096179,-0.3206064,-0.9237272,-0.4602982,-0.8435639,-0.2766326,-0.6205657,-0.7151812,-0.3215806,-0.6890388,-0.7001336,-0.1871858,-0.8183538,-0.5296237,-0.2231498,47.2674,53.33599,60.77208,58.43398,45.81116,18.36592,17.54312,17.22968,16.39513,14.56344,FALSE,FALSE,FALSE,FALSE,FALSE,
0,19.71896,151.2318,166.4475,151.5242,135.1932,146.1034,-8.104261,104.5707,8.946757,-33.97182,118.1444,-2.255302,-27.2302,106.6243,-10.48792,-12.82588,95.53535,0.1629089,6.110087,98.03064,6.199286,-7.710489,106.9546,11.7879,-32.43713,117.7328,-0.4791092,-24.32713,108.0368,-9.13496,-9.290901,95.6948,2.707867,7.280465,98.27309,10.13002,0.2054156,-0.335026,-0.9195445,-0.439421,-0.862489,-0.2510414,-0.6040555,-0.7608686,-0.2370567,-0.6691893,-0.7275404,-0.1512301,-0.8054562,-0.5615684,-0.1894237,47.2674,53.33599,60.77208,58.43398,45.81116,18.36592,17.54312,17.22968,16.39513,14.56344,FALSE,FALSE,FALSE,FALSE,FALSE,
0,19.72926,175.4112,192.087,171.4403,155.8414,163.0261,-8.4511,103.0145,7.202734,-35.19107,116.5601,-4.033244,-28.41127,104.7357,-11.40379,-13.80692,94.23813,-1.290914,5.119172,97.02061,4.593714,-7.63702,106.5158,11.39653,-33.63058,116.6401,-1.811687,-25.89976,106.5382,-9.396252,-10.1028,95.3503,2.248912,6.611254,97.9298,9.097579,0.2067177,-0.3419646,-0.916694,-0.4313979,-0.869155,-0.2417965,-0.5961385,-0.7735678,-0.2149693,-0.6619305,-0.736231,-0.140755,-0.7996915,-0.5717567,-0.1832698,47.2674,53.33599,60.77208,58.43398,45.81116,18.36592,17.54312,17.22968,16.39513,14.56344,FALSE,FALSE,FALSE,FALSE,FALSE,
0,19.75073,335.2975,274.1268,348.6327,322.4294,346.3406,-12.16463,93.9073,4.866541,-38.13704,110.4837,-7.961677,-33.751,95.51295,-8.882633,-20.12498,85.79673,0.06233637,-0.5413191,87.25695,2.94627,-8.109189,103.8223,10.01427,-36.38781,112.4607,-4.972512,-31.12936,98.80111,-7.594715,-14.14388,91.49809,1.832815,3.664297,93.96122,6.731488,0.1711547,-0.4672679,-0.8673908,-0.5386415,-0.8277223,-0.1572935,-0.6868004,-0.724528,-0.05800349,-0.7506762,-0.6604644,-0.01649378,-0.8649576,-0.4821535,-0.1391988,47.2674,53.33599,60.77208,58.43398,45.81116,18.36592,17.54312,17.22968,16.39513,14.56344,FALSE,FALSE,FALSE,FALSE,FALSE,
0,19.76165,456.3869,395.8005,419.5864,409.7674,465.2116,-14.9822,87.88,0.9389749,-41.37551,105.2108,-11.77144,-37.52312,90.39292,-12.36011,-24.06582,80.45905,-1.056561,-4.234394,81.45452,-1.146727,-9.262637,100.2043,8.166416,-38.66795,108.8818,-7.59912,-34.92999,93.73253,-9.123725,-17.97978,87.26558,1.58267,0.4308074,89.20966,4.07892,0.127681,-0.5263599,-0.8406205,-0.5737935,-0.8141335,-0.08914986,-0.7156801,-0.6984282,-0.000317184,-0.7718008,-0.6294197,0.09030212,-0.8870444,-0.4544423,-0.08145156,47.2674,53.33599,60.77208,58.43398,45.81116,18.36592,17.54312,17.22968,16.39513,14.56344,FALSE,FALSE,FALSE,FALSE,FALSE,
0,19.78293,745.7685,825.2298,794.4104,730.8098,685.0684,-4.114419,74.85686,-16.1804,-33.02072,87.71549,-30.88931,-26.12962,74.24886,-31.75612,-11.86244,66.68169,-19.74015,7.272396,71.5405,-17.73577,-9.185135,94.39272,4.330065,-38.56071,102.4952,-12.88241,-30.47227,80.50359,-22.05351,-16.37211,76.07776,-7.443252,2.324745,80.0193,-5.463262,0.3085464,-0.4512627,-0.8373536,-0.3868889,-0.9060258,-0.1715641,-0.5559564,-0.8252405,-0.09945153,-0.6318722,-0.7749104,-0.01585197,-0.7643677,-0.6182173,-0.1831649,47.2674,53.33599,60.77208,58.43398,45.81116,18.36592,17.54312,17.22968,16.39513,14.56344,FALSE,FALSE,FALSE,FALSE,FALSE,
0,19.79325,559.9095,791.2029,734.9499,897.0848,972.9194,-19.22579,70.44119,-6.912158,-23.54381,121.7746,-41.78747,-22.34583,66.03035,-25.90832,2.756331,77.67994,-37.88758,39.40472,75.68184,-19.40857,-10.60426,85.73223,0.3048152,-37.60361,100.7252,-20.78198,-26.55445,72.37839,-23.75866,-12.35991,72.37268,-14.01141,2.324745,80.0193,-5.463262,0.1295408,-0.4401485,-0.8885316,-0.3851641,-0.7640564,-0.5175582,-0.44319,-0.8948061,-0.05389474,-0.5031201,-0.834298,-0.2254264,-0.515499,-0.7545954,-0.406013,47.2674,53.33599,60.77208,58.43398,45.81116,18.36592,17.54312,17.22968,16.39513,14.56344,FALSE,FALSE,FALSE,FALSE,FALSE,
4,19.81191,900.4955,561.8955,1002.429,1190.16,1001.177,-35.79152,69.22198,22.07423,-27.32055,134.7463,-49.52834,20.21718,119.4089,-60.59946,47.10702,112.2287,-51.58196,62.42114,86.481,-23.91355,-19.38889,75.34858,8.293295,-38.18561,101.737,-28.1713,-20.47314,74.98492,-32.92873,-5.441485,73.85235,-21.47805,28.9442,71.77612,-13.67844,-0.2420863,-0.5877769,-0.7719537,-0.3996865,-0.3114681,-0.8621127,-0.2395377,-0.5948055,-0.7673513,-0.1621725,-0.5471225,-0.8211924,-0.009140238,-0.7307671,-0.6825656,47.2674,53.33599,60.77208,58.43398,45.81116,18.36592,17.54312,17.22968,16.39513,14.56344,FALSE,TRUE,TRUE,TRUE,TRUE,
4,19.82997,653.6598,544.8443,1063.571,1121.113,811.2847,-37.18272,68.71184,28.7929,-32.41238,132.5735,-46.63557,14.61771,122.7105,-61.11771,49.37691,107.6017,-50.36694,65.7962,88.48752,-23.49226,-25.48039,71.88917,15.77821,-38.04057,106.6269,-33.50564,-8.580759,86.81488,-46.1375,11.65011,81.01236,-33.92864,49.5761,75.29206,-19.12694,-0.344853,-0.5823603,-0.7361609,-0.3497189,-0.07419618,-0.933912,-0.05232117,-0.2813742,-0.9581707,0.1069138,-0.3419808,-0.9336051,0.2148897,-0.5314297,-0.819393,47.2674,53.33599,60.77208,58.43398,45.81116,18.36592,17.54312,17.22968,16.39513,14.56344,FALSE,TRUE,TRUE,TRUE,TRUE,
4,19.84803,391.5128,478.711,870.281,852.3926,633.3511,-38.01498,68.94663,29.59582,-33.58467,133.6289,-45.63086,13.87272,124.4068,-61.0745,49.54247,108.5963,-50.28878,68.27918,89.68891,-23.13734,-29.30341,70.53136,20.11145,-37.11956,115.3752,-38.63569,1.334465,101.6784,-54.52454,28.636,91.5237,-42.91363,61.84875,82.50665,-22.04684,-0.3811741,-0.5668728,-0.730316,-0.3259325,0.04446454,-0.9443468,0.02032382,-0.096446,-0.9951307,0.214035,-0.2097339,-0.9540444,0.3364024,-0.4022321,-0.8514944,47.2674,53.33599,60.77208,58.43398,45.81116,18.36592,17.54312,17.22968,16.39513,14.56344,FALSE,TRUE,TRUE,TRUE,TRUE,
4,19.86617,305.5379,325.4511,617.9261,589.7936,455.0781,-40.64695,69.98475,30.48994,-34.16629,134.3225,-44.93107,14.16218,125.7733,-60.74842,49.49263,110.4183,-50.1932,70.02042,90.72002,-22.47706,-32.9138,70.18485,23.30619,-36.13144,124.4952,-42.23565,8.430212,114.4018,-58.81693,40.58018,101.6667,-47.91396,68.24184,87.76659,-22.43793,-0.4357333,-0.539803,-0.7202425,-0.3211291,0.08816487,-0.9429226,0.06097068,0.000238997,-0.9981395,0.2585599,-0.1226073,-0.9581828,0.4092436,-0.3299243,-0.8506877,47.2674,53.33599,60.77208,58.43398,45.81116,18.36592,17.54312,17.22968,16.39513,14.56344,FALSE,TRUE,TRUE,TRUE,TRUE,
4,19.88419,255.5166,214.2348,397.5867,380.2114,311.4595,-43.40369,70.73912,31.4367,-34.44372,135.0499,-44.32818,14.22443,127.0151,-60.37686,49.80028,111.8361,-49.97963,71.38957,91.74789,-22.02555,-37.08416,70.43273,26.27375,-35.5669,130.6884,-43.73853,12.12484,122.2786,-60.23263,46.69757,108.3565,-49.74498,71.33653,90.63843,-22.0397,-0.481734,-0.5152274,-0.7088534,-0.3197604,0.1156344,-0.9404159,0.07442572,0.04841075,-0.9960508,0.2791812,-0.07686038,-0.9571574,0.4496421,-0.2848639,-0.8465663,47.2674,53.33599,60.77208,58.43398,45.81116,18.36592,17.54312,17.22968,16.39513,14.56344,FALSE,TRUE,TRUE,TRUE,TRUE,
4,19.8932,222.7034,173.8473,318.9454,299.7505,258.423,-44.35963,70.89745,31.84422,-34.53059,135.3503,-44.02877,14.19949,127.6478,-60.18456,49.96141,112.3347,-49.87667,72.01872,92.19553,-21.86363,-39.15036,70.61874,27.64865,-35.42233,132.6181,-43.87975,12.97172,124.7185,-60.3545,48.2174,110.2996,-49.99863,72.34035,91.53536,-21.83935,-0.497102,-0.5064121,-0.7045825,-0.3197823,0.1272661,-0.938905,0.07644487,0.06674542,-0.9948373,0.2843185,-0.06354963,-0.9566213,0.464117,-0.2678858,-0.8442941,47.2674,53.33599,60.77208,58.43398,45.81116,18.36592,17.54312,17.22968,16.39513,14.56344,FALSE,TRUE,TRUE,TRUE,TRUE,
5,19.91125,146.1292,117.6875,201.8173,193.8046,182.3187,-45.3586,70.84696,32.37732,-34.5566,135.7967,-43.57303,14.16761,128.5678,-59.97978,50.38009,113.2608,-49.85739,73.26071,92.97295,-21.77311,-42.71289,70.96191,29.96226,-35.21418,134.815,-43.66296,13.63566,127.5556,-60.24476,49.78523,112.5831,-50.09421,73.94312,92.7406,-21.62024,-0.5168926,-0.4946233,-0.6986915,-0.32021,0.1495829,-0.9354627,0.07548347,0.09195275,-0.9928982,0.2904333,-0.04175823,-0.9559836,0.4844293,-0.2436511,-0.8402157,47.2674,53.33599,60.77208,58.43398,45.81116,18.36592,17.54312,17.22968,16.39513,14.56344,TRUE,TRUE,TRUE,TRUE,TRUE,
5,19.92942,96.2501,75.83125,126.7271,126.583,133.9759,-45.83389,70.0155,32.71467,-34.43571,135.8424,-43.25577,14.24091,129.1208,-59.90984,50.92707,113.8639,-49.97867,74.57619,93.50403,-21.87206,-45.01633,70.7897,31.52684,-34.9334,135.7546,-43.29856,13.85279,128.9302,-60.11234,50.67807,113.7154,-50.1762,75.43595,93.44849,-21.65149,-0.5303724,-0.4873492,-0.6936828,-0.3199431,0.1741736,-0.9312894,0.07305483,0.1148745,-0.9906901,0.2938123,-0.02406873,-0.9555601,0.4995762,-0.2243779,-0.8367068,47.2674,53.33599,60.77208,58.43398,45.81116,18.36592,17.54312,17.22968,16.39513,14.56344,TRUE,TRUE,TRUE,TRUE,TRUE,
5,19.94746,83.57471,28.88809,80.1494,94.63071,122.2202,-44.9054,67.45071,32.5203,-34.12022,134.7718,-43.20343,14.55835,129.2315,-60.053,51.81496,114.2784,-50.32851,76.34602,94.16898,-22.25337,-46.09884,69.69488,32.47363,-34.50112,135.4745,-43.1328,14.19462,129.5017,-60.14218,51.61325,114.2131,-50.42998,77.17158,94.04505,-21.94512,-0.5300713,-0.4900299,-0.6920225,-0.3200341,0.1982614,-0.926429,0.07071105,0.1421264,-0.9873196,0.2960975,-0.005666805,-0.9551409,0.5123714,-0.203239,-0.8343678,47.2674,53.33599,60.77208,58.43398,45.81116,18.36592,17.54312,17.22968,16.39513,14.56344,TRUE,TRUE,TRUE,TRUE,TRUE,
5,19.96553,61.32835,19.34295,49.44586,55.39409,75.8649,-45.53873,67.15385,33.2123,-33.98335,134.4681,-43.27101,14.67029,129.1651,-60.18145,52.17603,113.8823,-50.47992,77.01349,93.81176,-22.20375,-46.6732,68.44415,33.22036,-34.1828,135.2067,-43.183,14.4635,129.7401,-60.2531,52.20774,114.0081,-50.61066,77.96569,93.73049,-21.92516,-0.5412122,-0.4906288,-0.6829149,-0.3178737,0.2098476,-0.924619,0.07263037,0.1559434,-0.9850921,0.2996757,-0.003734205,-0.9540339,0.518567,-0.2051934,-0.8300506,47.2674,53.33599,60.77208,58.43398,45.81116,18.36592,17.54312,17.22968,16.39513,14.56344,TRUE,TRUE,TRUE,TRUE,TRUE,
5,19.98361,55.71195,14.53218,30.44834,36.16563,53.1344,-46.25162,66.86504,33.86481,-33.86168,134.244,-43.27887,14.73768,129.1088,-60.25953,52.46244,113.5379,-50.62264,77.57193,93.53307,-22.21415,-47.36282,67.86816,33.93903,-33.94949,135.1498,-43.18647,14.61956,129.8621,-60.29529,52.61188,113.7164,-50.72174,78.53127,93.44003,-21.91216,-0.5525559,-0.489385,-0.6746734,-0.3156683,0.2217568,-0.9225928,0.07375159,0.1679664,-0.98303,0.3026084,-0.00028993,-0.9531149,0.5242067,-0.2030954,-0.8270185,47.2674,53.33599,60.77208,58.43398,45.81116,18.36592,17.54312,17.22968,16.39513,14.56344,TRUE,TRUE,TRUE,TRUE,TRUE,
5,20.00167,49.64354,11.50324,18.66115,25.52891,38.70926,-46.90671,66.66245,34.39612,-33.79578,133.982,-43.3134,14.77897,129.0932,-60.32448,52.64507,113.2831,-50.74741,78.00016,93.34979,-22.24156,-47.98593,67.54192,34.53759,-33.81907,134.9486,-43.21841,14.71821,129.9338,-60.33387,52.84954,113.4528,-50.83315,78.95387,93.2415,-21.9348,-0.5613302,-0.4881717,-0.6682789,-0.3144133,0.2288596,-0.9212858,0.07455036,0.1770686,-0.9813709,0.3041441,0.001789416,-0.9526244,0.5285187,-0.2009803,-0.8247878,47.2674,53.33599,60.77208,58.43398,45.81116,18.36592,17.54312,17.22968,16.39513,14.56344,TRUE,TRUE,TRUE,TRUE,TRUE,
5,20.01072,53.3754,17.12867,14.4864,26.7637,43.3568,-46.47404,65.53499,34.13475,-33.77595,133.5384,-43.44254,14.80607,129.0338,-60.4697,52.87023,113.4371,-50.9221,78.50719,93.67844,-22.39054,-48.02274,67.00085,34.64066,-33.76885,134.6876,-43.30023,14.7535,129.9065,-60.44499,53.05432,113.5337,-50.97592,79.41609,93.50821,-22.07538,-0.5568036,-0.4923519,-0.6689988,-0.3137745,0.2371741,-0.9193987,0.07419391,0.1843124,-0.9800634,0.3056517,0.007453155,-0.9521142,0.5330859,-0.1939563,-0.8235292,47.2674,53.33599,60.77208,58.43398,45.81116,18.36592,17.54312,17.22968,16.39513,14.56344,TRUE,TRUE,TRUE,TRUE,TRUE,
5,20.02883,34.24245,8.398626,18.15248,22.38668,29.68555,-47.1875,65.80414,34.51412,-33.72808,133.9186,-43.46598,14.85259,129.3457,-60.56825,53.07292,113.5002,-51.07323,78.8199,93.57576,-22.44326,-48.39107,66.56242,34.93293,-33.69785,134.8951,-43.34167,14.83918,130.2133,-60.53835,53.32633,113.635,-51.12989,79.71738,93.3716,-22.13424,-0.5656934,-0.4891757,-0.663851,-0.3123806,0.2490736,-0.9167228,0.07561176,0.1931709,-0.9782473,0.30883,0.01160557,-0.9510464,0.5363559,-0.1956262,-0.8210072,47.2674,53.33599,60.77208,58.43398,45.81116,18.36592,17.54312,17.22968,16.39513,14.56344,TRUE,TRUE,TRUE,TRUE,TRUE,